Timepoint,1,2,3,4,5,6,7,13,16,17,18,19,20,21,22,23,48,49,121,142,152,153,154,156,157,158,159,160,163,181,182,183,184,185,186,187,193,196,198,199,201,202,203,229,301,322,332,333,334,336,337,338,339,340,343
0,-4.2869115,-5.342577,-3.8250895,0.37911925,-1.3838865,0.5894691,0.90322477,1.1554639,7.4954386,-0.20936428,-2.6607568,3.7296212,3.7978342,1.7133496,-9.985178,-6.0519385,2.6998792,-5.725846,-3.0002003,-1.6098214,-13.764652,-13.637689,4.9402814,-11.895922,-1.1866325,-0.96583575,-6.451633,-7.879611,-1.5868068,-6.4946923,-4.03885,-2.1823163,-7.066506,1.4039983,-2.20353,5.2150574,2.920104,-1.5916096,-3.4593039,-7.6357584,4.825021,4.96534,-0.6080509,-6.065231,0.35500294,-6.6548824,-3.144941,-7.442245,-1.0150423,8.77801,-8.246881,0.9323494,2.3183475,6.312815,3.4448118
1,0.32050636,-2.2164369,6.0824842,5.576361,3.5317314,5.021824,-2.4808857,1.9220304,4.755769,-1.4998739,0.09158162,2.292444,5.378055,8.169885,5.3623867,-2.1251304,-1.7740512,-4.2871885,-10.4330845,0.03808611,4.6636586,-1.9639564,1.3229828,4.928012,-5.1755586,-7.7167664,3.3279493,-2.654703,3.006205,-0.8100464,-8.161611,-4.1958957,2.6416044,4.690066,2.4559314,2.250498,6.7339854,1.9103001,-0.81184393,0.4116616,7.3969283,10.853276,1.9060467,2.5069149,3.4520485,-3.0875187,4.856283,-7.1562448,4.128463,8.664369,-4.939607,-1.1209201,6.1710596,11.501206,1.4145583
2,0.51754725,3.6095383,-0.8047859,2.5660765,3.7682672,5.9667063,4.7365904,-1.3607533,2.7579002,1.7064213,-0.6687702,4.011445,4.4952474,5.9704523,-4.231026,3.4627874,-2.9495037,-3.2526188,-10.646862,-3.0126586,4.3728347,-0.5974466,-2.1489398,1.8263837,2.1873658,-4.4408145,-0.92866766,0.6304437,-1.3215342,-1.731578,5.190507,-0.0804342,1.232633,0.4290248,3.9781737,4.023906,10.2929735,-1.9474951,-3.7400892,-7.150445,-1.14636,0.24655412,0.65575695,2.1522965,-2.37404,-2.5430574,6.5936036,-0.18711689,-2.1676085,8.073724,1.1241486,4.5847545,-0.024357209,0.8521597,4.8384533
3,5.3034096,-3.829753,5.1660743,7.7729897,3.257951,5.703946,-2.337855,-0.68650573,-0.06596349,-0.75582594,-4.0420046,-0.15034199,6.3926497,7.0375075,2.5029984,1.3855522,9.82488,-1.7964376,-0.40229136,-3.0736349,5.0833163,-1.2880778,3.311499,1.5235727,-0.15371673,-4.6656227,-1.1312342,6.58534,-4.581689,4.6696634,8.882496,-1.9563067,2.292473,0.008181626,3.95414,-3.11873,-7.0937285,-0.38694808,-3.0149999,-4.254778,6.245143,7.9445686,1.312744,-3.3160207,5.029084,-0.000660543,-4.2701626,-3.0036418,-6.447511,-5.3163457,1.2720623,1.7207748,1.8581611,8.398536,-1.4128654
4,12.106673,4.0473714,12.131001,10.644006,11.162474,4.77483,10.780805,11.656589,14.570252,6.2664065,-0.7326642,4.902189,2.6678915,11.548464,3.1757367,7.639366,-2.442253,2.5217876,5.582655,8.320851,8.685933,3.6301343,3.0142937,8.676216,8.016706,2.5983655,1.5891619,9.279391,6.048357,6.8182287,6.366591,11.301573,7.86443,5.010224,3.9119809,3.01164,12.642225,7.9294896,-1.4216889,-2.3697548,2.614365,3.5647092,-2.1366723,2.2065969,10.082273,3.0719872,14.654452,3.5193923,5.9488196,9.239491,4.4376183,2.1394415,0.70835567,7.260694,3.0948238
5,11.724214,-1.8143656,11.004007,8.552281,7.1230373,8.088738,1.0006356,4.400777,7.042592,0.4182148,-1.9263213,6.1544538,4.8023124,10.20323,3.2827697,4.248694,-0.69248515,6.4553375,1.378,1.0864077,3.8742824,3.587405,1.4904629,3.665053,3.618111,3.8564408,1.6272982,8.850734,-0.54673976,7.627218,6.2749734,4.8878613,7.1566944,4.4950647,5.1343584,-3.2822726,-1.4839783,3.5366127,-3.5465226,-0.5119565,6.915486,7.3514256,2.0244942,6.867008,2.2279024,10.243164,-1.2262694,-2.9193652,-8.867766,4.192963,0.4035257,3.1583054,3.7570455,2.0951166,-3.9869869
6,8.570134,14.084717,4.3381076,7.369574,8.210353,7.95619,2.271284,7.9308877,11.648129,-0.46893755,-3.086826,3.868554,9.488033,4.960304,-5.835429,7.6768613,4.256606,-1.5645558,-1.4691275,4.545596,4.726307,9.343386,2.9969146,2.4794936,3.5542128,-0.32909644,-4.279036,3.3624084,2.057608,4.478219,6.0984516,6.503215,3.56153,5.842389,1.6692255,2.343799,14.4530735,6.320454,-7.485606,-0.10937288,0.6583276,0.8483848,3.354653,1.4001622,3.8838115,2.7209115,11.640516,-5.6485333,-11.524506,4.42948,-5.418319,4.313087,7.045111,1.1551368,0.09830142
7,8.198963,13.68142,7.440319,5.1245575,5.8479095,2.4102154,4.6573195,5.626467,6.8745418,0.49674377,-0.5500592,-0.47585028,-0.68030125,1.5148174,-0.9635525,4.4071984,-2.3601253,0.9273234,6.4787107,-3.7131352,0.5982668,8.816823,0.89829963,-7.0853767,-1.7491062,0.5682341,-2.5456734,7.04209,2.5275247,2.6713002,-5.1947308,-0.08089995,1.634528,3.2765448,2.0135703,-1.2028515,11.445684,1.5889269,-4.354228,-5.0027623,2.6277878,2.2488804,-3.3416808,1.8709618,2.5155096,2.2632906,2.1238868,-7.2547107,5.3493013,6.6394687,0.041443635,1.8332865,-2.0527906,1.8621948,-0.101988725
8,6.6541724,5.6775603,3.4162025,2.471762,-0.18029696,-4.875885,-11.438197,4.9682198,-3.4776936,-0.11867943,-4.736859,2.7832212,-1.5867883,2.2611048,-8.332503,-7.383591,-0.4731414,3.2928545,-0.3357613,1.0183909,-2.4466512,1.6825728,-1.1114388,-6.753584,-5.613615,-0.4058576,-4.9182096,3.7840254,-5.040939,1.0977261,2.6181126,1.8910782,0.5972388,-0.7985286,-1.5888431,1.9459257,-2.1900928,-1.7281033,-0.9751438,3.665707,-2.596741,4.0685573,-1.6815339,0.3889039,3.5728142,-0.7777028,-2.9530315,-2.8095036,-7.760837,-9.131633,-1.49905,0.7837913,-0.52116185,4.836005,-2.4120886
9,10.702731,3.8558445,7.5463862,5.551034,6.2332115,2.1393692,4.088265,6.07235,4.530517,6.6235847,2.3315783,1.0457492,0.15297343,2.7804322,-0.14118278,2.5167794,-4.587361,-1.6660836,14.07253,5.013863,4.039206,16.424688,-2.752607,0.05025048,-2.5662458,2.8424618,-0.48654583,4.481686,3.1515956,7.50839,-2.468653,5.4104385,3.5388124,3.033897,2.8531525,-1.6355596,2.4178636,2.0968826,-3.266989,-4.2410736,-1.8919772,2.3023834,-5.074814,-1.2163966,2.6468124,6.384668,1.9063101,4.849164,-15.394538,3.0559843,-2.9486969,-1.1855947,2.5114439,2.0642018,3.129809
10,8.4723835,9.157785,2.1376946,4.9038267,6.9140983,3.1318235,0.75591207,3.9823153,6.736433,0.27955854,-0.96978205,5.2329097,0.21312498,-3.3774323,3.4138205,2.457796,-2.531658,-1.1323555,13.831254,1.7865821,2.9759798,1.7764564,-3.9135997,-1.351535,4.270089,1.5940187,0.001256747,8.560593,0.02381307,4.5376263,-0.98636204,1.2868769,3.0557096,1.1515261,1.4720047,-3.3297331,3.0182426,-1.8654016,-0.19377398,-5.437108,-0.7945744,-2.8056116,-3.2481437,-3.8428473,2.9514103,0.46671867,2.2466297,-2.9098668,-1.2244791,9.464682,5.937886,-2.923932,-5.129622,13.585318,-3.7060225
11,4.1455393,-1.6414624,3.1929104,3.5395722,1.8945018,4.4601536,-4.802897,-0.37643862,-6.5189433,-5.55537,1.2071198,9.193755,2.405672,5.4109106,5.432854,0.45576027,-4.543473,6.820956,10.227874,2.9134562,6.6654963,14.853411,6.252763,1.5415947,-1.5470132,1.6433567,3.3496008,0.7863553,-2.0418363,5.2049365,9.298485,1.5578996,2.2919638,2.3209743,3.2398841,-1.8062148,-6.7833157,-0.34108794,0.81788164,2.0235114,-3.1779373,-4.1922293,1.6783233,-0.1741027,3.9744666,7.8139763,-0.75094086,0.15284626,-3.7934752,-7.0106134,1.9632338,1.593813,-0.2925265,-1.8320253,-1.47315
12,-2.592922,1.4798838,-6.069881,-4.2992735,-0.68843377,-4.0166965,-0.13498276,1.4367405,-6.269533,1.4907963,-2.1879358,2.0228617,-3.0644293,-8.377787,-2.544044,0.33348188,-6.928695,0.048245046,-0.29390588,-4.420749,-1.642318,3.1282527,0.80606514,0.09515833,-0.76446545,-2.6744318,-2.8082006,-4.111614,-6.247697,-1.3875148,-0.51845205,8.988754,-0.18663779,-2.6641042,-4.615999,-7.221007,1.6033604,-4.6160383,-3.1183438,-5.6077104,-5.596955,-9.85728,-3.374479,-0.66588575,-4.1968307,-0.8380285,1.1443453,-4.6522393,-2.6707609,-0.7325919,-2.3343089,-2.9656246,-7.8341885,2.7669709,-6.0612855
13,-0.64939296,-5.6855693,-2.5655515,-2.511606,-0.762486,-0.32860434,-5.5748615,-3.7800794,-6.6595597,-5.3691144,-2.5002818,0.5313452,-9.151454,-1.7109677,-5.323702,-6.076424,0.721075,-0.42886293,-0.35793272,-8.557932,2.6277559,3.1923163,-4.632202,0.9746313,-0.81872475,-8.3982525,-3.3727279,2.199298,-3.7694402,3.5245352,-2.3475325,3.740173,1.6156993,-3.2142172,-1.0978217,-6.535425,-6.6589885,-3.3537214,-4.585993,2.3910632,-9.024111,-8.685958,-7.174098,-1.0275171,-0.21816866,-0.1332995,-3.8007834,6.600089,0.5094579,-13.74588,1.2442107,-4.49696,-4.801515,5.7351384,-6.8616242
14,2.5542471,4.108489,-1.1249002,1.887149,-0.52959216,0.8456371,1.9997791,-1.36933,-2.1366298,7.15941,0.6008861,-2.295197,-7.1065216,-5.819033,0.7007316,7.344528,-1.0021225,2.618092,10.421334,-2.7810385,7.3375006,5.540275,7.7297215,0.18414472,4.313131,1.012839,-1.1766247,7.6699147,4.010782,3.1210563,5.6903915,9.338246,2.1229367,-0.08960133,-1.4256717,-2.797053,-1.1657143,3.9630933,2.7528079,13.011384,-6.1257935,-5.66709,3.6417654,3.1143043,-1.8135308,2.5464785,-3.3280141,5.568423,-6.385388,3.0147486,5.5728855,-5.4581437,-5.397375,4.8105826,0.096266516
15,1.1651425,-1.0639411,0.13762218,-1.8754495,-0.11774653,1.4723765,0.34223387,0.5020568,1.2158382,-2.8960571,2.0192456,3.6325512,-4.3558426,-1.8541565,-2.1431692,4.7969847,0.20997657,0.8240625,-0.29743654,-2.3666103,3.7712169,1.9382585,2.1938052,1.3057617,-0.15216526,0.9184071,0.94901216,-0.92890733,2.8621638,3.9881752,0.74184376,2.2336059,2.1076157,-0.3041974,0.05587984,1.4414438,-3.002752,-2.2162378,3.2467604,4.2902465,-4.290318,2.5511637,3.0805893,6.166047,0.98603654,-6.179525,0.46304363,-0.05246053,-2.145065,-11.619464,3.642628,-4.730967,2.796248,-0.85504633,-0.1059613
16,3.1142662,-5.051226,2.1841593,3.48218,3.8312566,5.0313787,2.171068,2.0841784,1.212747,8.04051,3.569182,-1.2120652,4.197339,5.257724,9.794242,4.156787,-0.9023608,2.2453277,1.10529,-2.302064,11.266301,2.0979836,-2.4054766,12.891319,7.2046266,8.750907,6.602076,0.3171485,3.2178524,8.107711,3.598326,4.508757,1.0732852,-1.163307,3.5688243,-1.7097267,1.3728534,3.638503,8.406704,1.4545668,-2.6232877,-2.2780497,3.3401432,2.7664585,8.854971,3.1347926,-4.1686463,3.3911607,11.386249,0.17437017,5.507312,2.5767374,3.9477916,0.8396432,-2.553123
17,3.118839,0.6036635,0.33259472,-0.40904012,1.8856764,-1.9473172,5.1374454,-3.2386305,4.7935567,3.4955065,-1.3961915,-2.3157978,-1.0439755,-4.402845,-1.5952985,3.554439,2.4743137,-1.7835952,4.0533257,6.828715,4.9026437,-1.0187281,0.92636025,-2.019469,2.595071,-5.839413,0.20335881,5.448959,-0.43560994,2.242396,6.909291,4.3349423,0.53964823,-0.21937643,-4.163869,-11.993778,-1.1943476,5.4659634,-6.368463,3.8654187,3.6544514,8.281554,3.8148644,1.5262485,5.7119937,-0.3507383,10.115371,0.14263669,1.3795472,15.197416,0.81059444,-3.4489262,5.331248,-10.2651005,-1.282746
18,3.5591793,-0.08168749,10.637587,2.9878888,4.470679,-1.1129204,2.800805,-1.1859252,7.496426,1.9168487,1.1922613,-5.9197383,-0.47477633,4.7788773,4.822233,6.582336,0.7927985,-4.0316625,7.7180734,5.959971,1.3585469,-4.2063537,-5.8764353,-1.320313,1.7062156,-9.498327,2.3919609,1.6360118,-0.75217074,3.7032816,7.697575,6.893668,4.2341228,2.1054435,-0.7361779,-4.4762726,-4.4274387,1.2634035,-4.3481774,-3.331242,7.035423,3.6665518,0.21674705,1.0371124,16.053005,0.09217929,3.7832608,8.356996,6.6614594,5.8816037,2.9082859,2.5880315,1.595193,9.678625,1.1844171
19,3.84654,3.140209,10.43138,2.9142365,6.68342,1.8792841,7.8965917,6.202836,7.0686507,15.263408,4.7352786,-0.63154703,-0.85665834,0.23731013,10.569914,-0.34180465,3.4861748,0.59239364,7.4976187,13.24572,8.058549,-3.230144,6.1349874,-1.7677766,0.43688586,-0.56301105,4.2348914,9.938535,7.6364193,4.492377,-1.2880929,1.1685997,5.2289586,3.8365433,6.050313,3.7154665,4.519498,7.6162515,4.2668443,3.548591,-0.5050337,5.00208,3.3922596,6.9932666,16.363447,7.3334126,10.610674,9.933246,13.144228,4.015243,7.649927,-2.2814457,3.1523216,3.1412354,3.0147285
20,9.828871,-2.055847,16.280617,6.7817044,6.329498,4.6625795,-0.2845128,7.099062,1.6875869,-1.467691,0.21253932,3.1794956,-0.09904555,6.1045246,5.877512,3.029264,-1.5669777,-0.34708166,13.15439,14.898911,7.6013885,2.4631274,-5.511556,10.794254,6.455087,3.1102045,-0.78754306,-3.553463,6.1461496,9.857817,4.8641324,4.4388113,9.675018,3.3048382,5.5206656,-1.2420682,-0.9839616,6.447597,-2.72354,1.7587214,4.111262,1.0798986,3.8912342,5.2878175,15.232691,11.98651,3.4635618,7.95948,-0.12431635,-5.1973124,3.0664968,-1.9520284,7.995101,5.940466,-2.6461074
21,13.51732,12.904075,19.809553,11.513942,13.177653,6.149458,8.874914,13.756812,9.8835125,2.2069855,5.297406,0.64706254,8.406979,7.6425033,7.5788593,9.006372,-1.242528,2.179645,16.200768,15.661455,6.819081,17.123114,4.596039,10.474839,10.917865,1.9353305,10.341272,12.622303,10.8779955,12.844527,9.053026,18.079378,12.085164,10.281345,7.6099076,7.59459,20.603062,10.462145,-2.489165,-0.7786095,4.778459,7.2836924,8.721758,3.717986,22.806667,19.815042,15.916335,7.8247676,4.065988,17.461855,8.740894,7.6498427,10.29814,16.268284,5.471493
22,10.234234,9.477142,17.14269,9.427088,8.862327,9.572311,9.323091,6.2752295,7.624423,12.463802,6.9667706,3.6785839,7.5182767,5.9547205,9.084311,6.659554,5.259445,-1.3589067,10.216043,18.489418,3.5568697,7.7595644,9.128293,0.42541647,9.917304,11.636189,11.196183,1.4099966,3.92592,10.157906,1.3741305,12.945212,9.925486,8.029788,9.486087,14.610565,11.244537,8.015586,0.94619143,-2.08238,-0.30940613,5.4840555,0.77955645,4.3652997,14.424771,22.201437,13.18034,7.121181,3.4267902,18.0071,1.5900342,12.093285,7.862743,-1.5331082,9.734719
23,3.382043,-3.1971507,13.224062,1.9996887,-1.1279744,3.0950205,4.6216426,4.252057,1.750176,6.001445,1.1112577,11.994053,-0.35795563,1.6801628,9.393316,-5.092109,-0.16434969,-4.4048986,1.2484109,11.485623,-1.3483078,-12.232062,-0.26009288,-5.629174,2.8363972,12.128179,4.3320465,6.411933,-3.3378513,5.1711435,-7.047403,5.4775043,4.9106164,5.8158016,3.7472937,8.230273,6.267217,8.060315,4.906102,-3.4354703,4.565942,12.442965,2.5737276,5.1346726,4.4265356,11.474957,4.465081,-0.8176269,9.28196,13.578288,1.1437885,2.9764962,5.4143357,4.844068,4.5152764
24,1.9296542,-2.5915627,10.284139,-0.22246307,-0.8720287,0.10410456,-0.050879672,9.068143,5.1073947,4.5862303,0.25262308,-8.1124325,0.06997942,-4.0203605,1.1709294,-4.6083856,-2.8832526,2.2739315,4.342359,13.581886,2.7470782,-4.9764123,-1.174596,-0.5404543,3.3742833,-1.2311198,-0.5387338,1.6591212,1.8288879,2.4889824,1.1048459,4.5445166,1.5395497,2.2865121,1.6153977,0.97190285,10.198772,3.0514917,1.7454653,-5.142801,-3.1744044,-2.7532203,0.9165033,-0.50606084,5.454301,2.9727874,13.76631,1.9435989,-2.4029994,3.4447222,-2.8273418,1.9333379,-3.5320508,3.60633,11.3357525
25,1.7080578,9.240972,3.2904155,3.5345285,3.5915682,2.231403,1.2470466,3.6525204,4.825225,5.4303007,6.053392,7.7541833,7.139281,0.13213672,8.272783,-0.8824712,1.6391981,3.6640463,-1.3822274,5.4884806,2.3537772,-3.756486,-0.748601,3.1891797,-4.9171696,7.37624,-0.024818385,6.8587832,1.392959,4.1374702,5.885466,2.902676,5.1298633,-0.036191914,4.04472,12.155844,-4.9663854,1.1676179,8.06191,6.1004977,-5.9355583,2.785692,-2.1762445,-0.49561337,3.5974007,14.619341,1.5317118,2.784116,4.698204,0.042310577,-0.28849688,4.9158554,-1.347213,-3.2183857,2.971261
26,1.1840867,0.27107126,3.8974552,3.1122797,7.7246914,6.986595,-3.2931237,6.7520127,8.121665,-5.7035065,2.6112883,10.8821125,6.287346,5.172348,6.481354,1.9157603,-1.4262972,0.4724452,5.3167014,10.645752,0.66275525,3.7049685,-0.7095919,10.931539,-5.3159814,3.7178743,-5.0776787,-0.13907547,4.295925,0.94928366,4.514087,2.388084,3.7384572,1.7727566,4.242029,8.70239,4.2815785,5.1935697,8.315019,4.6199684,1.8542309,5.243418,0.50598675,-0.7708419,5.065195,9.814795,4.7492514,6.364842,0.2778309,0.27000213,-4.109867,4.946729,7.127279,4.5002437,0.16202998
27,-4.109507,-4.121015,-3.6077707,-1.686374,-1.2700763,4.348005,-2.1365805,2.8394146,3.1843133,-8.526077,-0.38703507,-7.8078976,1.6391387,-3.1927214,5.1080422,0.20650539,1.5125408,3.6334813,-4.8499107,-0.041052774,-7.6352606,3.9521306,-6.458436,0.46420357,1.6857582,-1.5981183,-1.150215,-10.3494835,-0.78732586,-1.6599994,2.708739,-0.36606985,-1.0724813,-1.4833596,0.2641397,-3.7476306,6.057471,1.0659721,7.0249767,1.2057645,-2.9553246,-6.814988,4.4801717,-3.273588,-9.2711,3.0694177,6.1782093,-7.5691385,-3.5263033,-10.214544,-1.0828754,2.9855793,0.49464613,-14.248225,-6.3497086
28,-16.041834,-5.686111,-21.705502,-14.732405,-14.781548,-12.021265,-8.659209,-11.60878,-11.038103,-8.822878,-5.62868,-5.488396,-15.218816,-20.038967,-2.1570556,-11.080281,-1.2410122,-2.609609,-11.202862,-6.596219,-11.642811,-1.6472906,-1.7311126,-0.97835994,-9.1687975,-6.690978,-13.586022,-13.648949,-7.405336,-14.155388,-10.960613,-8.036338,-11.002213,-9.734112,-13.132278,-13.228752,-11.552472,-8.753042,-0.26747566,4.8616824,-4.6720276,-6.010144,-3.4800746,-6.397162,-16.727049,-6.8887343,-9.65954,-6.252535,-2.7163467,-13.315361,-11.197601,-6.845808,-16.36717,-12.609048,-4.341978
29,-13.913182,-7.4865565,-19.635937,-14.384903,-16.613087,-11.604146,-7.031534,-14.8045845,-21.830343,-3.714303,-2.7512996,-15.885868,-8.550247,-9.465569,-9.327126,-7.7289147,-3.2349405,-8.16648,-5.025501,-7.9464636,-12.599083,-16.722307,-13.160895,-8.992197,-3.3547273,-5.8386617,-7.021029,-14.854559,-5.449913,-9.992471,-17.951778,-18.680313,-12.082505,-10.820405,-8.696724,-7.882079,-21.172224,-11.6205845,4.152924,-3.5891237,-2.0281696,-2.0777445,1.8129845,-8.5789795,-13.67775,-5.9373136,-7.3665466,0.9280181,2.7141106,-15.660239,-5.5975533,-5.934402,-6.3938613,-6.927557,-6.0701323
30,-9.003618,-6.4270983,-15.312517,-8.788332,-11.112105,-9.048602,-4.9446425,-8.547035,-5.6560473,-5.422142,0.35197502,-8.9379015,-10.059304,-7.6741285,-3.992114,-0.68531597,-3.7765214,-3.5794973,-1.8093365,1.4645947,-10.793354,-8.424546,-5.318151,-0.019821264,-1.8593009,-10.235206,-1.8145962,-5.7613688,-3.2388062,-10.534409,-7.015718,-8.270939,-6.124882,-9.26383,-5.765459,-5.9817066,-7.1024523,-4.677883,3.56539,-0.93364155,-1.5880277,-7.4361286,-4.582519,-6.139886,-13.630742,-6.805027,0.47662088,-0.7857672,-1.6033374,-10.184654,-0.6707291,1.6992228,3.8075407,-2.5718684,0.99997646
31,-12.103223,-1.687397,-18.69144,-11.809456,-13.774888,-8.014777,-6.2339516,-15.460795,-17.38332,-3.0468004,-3.540006,-16.31951,-7.527827,-10.7738085,-6.375327,-6.630495,-0.68381995,-6.8367486,-14.441337,-3.4291723,-16.683552,-18.931877,-3.576177,-4.361765,-6.182378,-8.599574,-5.487281,-5.3816857,-9.429406,-11.689277,0.23536417,-12.174357,-10.41021,-9.823864,-6.909508,-13.667949,-15.428831,-6.1819115,0.27464798,-1.284443,1.0887232,5.0175095,-5.848909,-9.682389,-16.147196,-6.906639,-6.3933816,-5.0714173,0.9358402,-5.7077923,-4.564328,-2.0947964,-3.0042334,-11.908457,-7.37611
32,-16.05428,-7.985874,-17.427673,-10.683116,-11.44525,-7.3219175,-6.8412595,-12.272016,-10.607106,-4.622086,-4.1350994,-6.6573315,-7.982581,-8.460571,-3.5521026,-1.3488938,2.4873323,-7.6562877,-15.907175,-6.8846903,-11.537878,-21.72251,-0.93567145,1.982736,-3.8275678,-8.013274,-3.8996618,-5.5714064,-3.72073,-12.517608,-2.2010727,-8.002772,-8.897779,-9.050197,-2.4498205,-8.617397,-16.603212,-5.201199,-3.5199003,-0.08490638,-2.4335368,2.2708619,-3.0279331,-2.8250222,-21.43223,-12.327302,-2.5520496,0.17852238,2.2874744,-4.207844,1.0665748,-1.6763177,-2.1950052,-3.784775,-5.79505
33,-10.17498,-6.1415133,-16.622622,-9.567078,-12.097479,-11.513502,-3.486337,-9.001575,-10.18436,0.9978031,-7.99249,-7.2269897,-5.0835624,-10.548179,-4.4185934,-5.185771,-1.6739582,-2.8200912,-8.757073,-13.358632,-14.114969,-23.370577,-12.987325,-3.2491722,-5.2861266,-5.5931754,-3.5633132,-2.783433,-11.506903,-8.131717,-4.536843,-6.4732113,-8.740862,-6.100623,-6.1462827,-12.750018,-12.120774,-5.8482127,-4.192323,-3.5040462,0.31369367,1.278336,-2.3908942,-7.811049,-7.228183,-10.113435,-2.6850479,-1.971325,-3.8188348,-4.7551227,-2.2628121,-5.392815,-4.1462455,-12.239667,-8.453787
34,-5.6670365,-12.950642,-5.7369146,-5.5292435,-8.633025,-8.659595,-6.826652,-6.1202245,-0.25181895,-0.854587,-6.8004794,-6.53616,-8.40912,-3.5612295,-6.844587,-1.5519929,0.89642465,-8.348401,-10.363395,-2.4475935,-3.8275664,-21.9757,-4.6789513,-3.8022768,-6.89399,-2.9719772,0.43013096,-5.3889995,-8.388371,-2.7353268,-4.247391,-0.47851482,-2.651526,-5.5712595,-6.797134,-12.949052,-9.060145,-1.5104108,-6.452172,6.061076,2.2051475,1.3574892,-3.0525725,-4.820654,-7.2163815,-5.5827622,-0.8714117,-7.195642,-4.4266734,-8.679352,-0.4263552,-2.8009288,0.23589604,-16.245235,-6.1705
35,-2.414393,-17.662498,-7.720585,-2.416885,-6.584284,-6.559546,1.3482414,-4.845448,-11.086544,-7.963229,-3.8505435,-4.2048416,-8.573011,-8.515003,-5.6107163,-3.0152752,1.912941,2.4046314,-3.8260221,-4.5600514,-1.4708878,-12.662576,0.6183864,1.0243112,-5.667002,-1.0886791,0.8822652,-2.9690406,-6.11961,-3.2052789,-2.8783414,0.5859169,-3.3808491,-2.5885246,-3.048626,-13.013148,-6.358568,-0.31427938,-6.7249527,-0.2362274,3.4149752,-1.9857655,2.011392,0.6786275,-1.2567747,-5.7500296,2.3062618,-0.75919366,-4.1575203,-8.641512,-1.3979766,-1.9017624,-4.493736,-9.543317,-5.9012203
36,4.0084257,-9.395336,1.0826995,0.51210296,0.41309488,-0.36296776,-0.96826977,4.3263693,2.7756803,4.6855307,-3.9610546,-4.960023,-0.20692326,-5.8021445,-0.70503235,0.25935894,-1.7945905,-3.251109,4.391957,1.6372947,-2.9529312,-4.6420093,0.10219285,7.5843344,2.4636068,1.9931614,5.1332107,-3.0685124,-0.46552658,0.4859911,-0.52366656,2.7559934,-0.27574173,-0.8443164,-2.0089319,-9.558597,1.9437618,-1.1712254,-0.35849735,-4.8259063,5.4728775,6.9620132,3.5323088,-3.2055318,-0.17363232,3.1473289,7.17096,-6.4676795,1.4844841,5.04984,-3.9612408,-3.7488222,0.42035854,4.0494843,-1.9209654
37,5.6502314,3.3474753,3.158536,4.3207197,1.1645384,1.9746563,2.1733718,4.4693637,-3.0808012,-0.19749533,-2.2929733,-4.2339053,3.3603034,-3.4111383,1.2219697,8.953717,1.6198,3.9847043,0.048423424,-2.28979,5.515957,1.4003696,5.7506404,20.484575,7.3357453,4.8115163,10.937179,-2.3429224,-1.9293096,4.727704,-1.6243877,8.289117,2.930154,0.6185735,-2.093896,-4.852675,5.9965286,2.913529,-5.9304476,6.6271825,2.2062926,-0.031294134,3.6811283,1.1410587,12.255933,3.1383073,8.1267,6.1438737,1.9016606,9.111335,3.569766,5.9730096,4.241304,0.99859977,-0.8299228
38,6.6914616,8.23098,5.3099065,6.658035,6.3652472,3.393926,2.0678964,5.2429814,3.9991333,3.0636096,0.14353687,2.376617,7.343129,3.0363803,3.886995,11.624032,5.237564,2.49581,1.1629456,0.5009765,2.7244017,1.612637,-1.4355272,13.259073,6.220672,0.0115255285,8.500115,-1.8798366,-1.3737674,4.2098603,6.1455774,4.9239707,5.1724787,1.7562901,-0.26666605,0.6575276,7.749416,3.2722301,2.7235012,0.7472197,4.283399,-1.1976666,3.2927618,-1.2855996,6.0152283,9.239296,3.5187612,4.821036,1.2777821,11.346765,1.0493673,2.346425,4.231763,0.5472279,-1.581452
39,3.8393435,-1.6555121,4.031449,6.994802,4.381311,2.8715577,4.685199,5.7443533,4.856404,-6.2427893,-1.4075333,8.963107,7.492894,4.280312,3.4549866,7.4928865,3.3420646,3.4498925,2.234492,-8.631335,7.48073,-3.5575938,-4.751034,16.748455,-2.6610417,4.924578,11.617669,-8.436346,-5.6903367,4.288975,6.387142,4.3353763,1.6099404,1.2788993,-0.63097197,0.5124339,9.903439,3.190377,-2.94325,4.224685,-1.7888283,2.9361522,1.1008842,-1.2186112,-1.6845049,-1.6631894,3.9143777,-6.035744,3.4107502,0.24163851,0.23532405,6.7459426,2.7346084,0.2483081,-3.262198
40,2.779424,7.142105,2.273422,7.941379,5.2831545,0.77637345,2.8839178,1.0003707,6.706466,-5.6566544,-0.5160289,-0.43681,1.1413842,2.9660401,-1.285975,4.7615595,2.3254206,-2.2568464,1.200518,2.9711003,-2.134454,0.09613328,-0.38260755,4.2890563,-6.927787,-1.0970477,7.819307,4.780418,-1.8957118,0.76333594,0.37758845,3.268026,2.1185293,2.6751301,-4.3284383,-1.145369,4.8188686,-3.3462956,-8.656675,-0.46519804,8.195521,10.588858,-1.098467,-8.40984,2.3729827,2.669575,-0.5507582,-2.1223717,3.3396308,16.408058,-6.52203,1.205369,-4.366495,-3.2971787,-7.9078283
41,2.0286176,4.09279,4.2335744,4.6195846,6.0231023,6.0239835,0.13273181,9.523824,13.299604,3.819381,0.93162954,3.900804,5.1618986,2.8235583,1.3826364,-1.82314,-1.4111068,0.1139642,2.2469654,9.147441,1.4477774,9.831263,2.622462,-2.777518,-0.8415426,5.9891753,2.1497788,-3.3935542,-0.58089435,3.6157527,7.357565,3.1058953,4.0345764,6.087062,2.7657976,3.1343732,20.585726,2.7997,1.2022766,-15.061792,-4.156132,-1.2558599,3.7941449,-0.946548,7.084694,-4.314056,4.3691607,6.5012474,3.4479127,8.2880335,0.5474692,1.7402403,3.064584,2.5232854,1.7039483
42,2.7328658,-1.4849707,-0.6607993,3.9174678,3.0992503,0.7020091,-1.9570427,1.8348799,-2.775606,-6.038884,-1.7711904,-3.3415382,1.9029878,1.8342973,3.8833284,-1.8979381,4.753044,-2.4318585,6.66563,2.5705972,-4.194816,10.133819,-9.552912,-3.0980637,-1.0061127,-1.0480757,0.48918036,-5.4324245,-1.0690193,0.23231916,-3.2318454,2.0422237,0.21334031,0.25393355,0.32433432,-0.7813173,6.390716,-0.8265429,-1.1697196,-5.38666,4.7139535,5.055588,-0.8827352,-4.109886,-3.740721,5.8363304,0.58282465,7.878006,-1.8349332,8.772334,-4.157794,3.0301902,-1.5535809,-5.0678854,-2.9833758
43,-1.2026558,-4.752873,3.2322927,-1.6827056,-3.4618387,1.8981625,-3.6993873,-2.7083626,2.5978355,0.6677027,1.4206815,-0.93220323,1.9543167,3.9684775,2.6449041,-8.721717,0.56216073,1.4741826,2.7544107,3.3159347,4.691197,4.5083113,0.2921806,-8.162875,1.933573,-1.7391237,1.0427556,10.726738,-2.3399506,-1.0791255,3.5100381,-1.320898,-0.46011326,1.9126683,-1.149059,0.29317433,3.131789,-6.0592647,-4.170722,6.4895697,-6.168106,-2.9649732,0.9645666,0.39070657,2.4076614,-3.8742423,4.1931887,0.12797396,0.24171147,2.3126705,6.369709,-1.022079,-1.6224172,1.5071224,-1.3719146
44,2.832027,5.551069,3.7878616,-0.103105515,1.5625752,2.619559,-2.991658,0.6197253,5.6966796,4.977108,2.9196546,-0.01856418,2.9305258,6.0769825,-1.0453413,-2.5459306,-1.2685636,-0.39812934,11.694797,8.299366,1.7051318,4.4808674,0.6201205,3.2166133,4.114131,8.067801,0.25176436,2.61596,3.0560586,1.5850039,0.7085738,1.4465219,-0.8447928,0.6672169,2.5413535,3.0517912,-9.492715,-8.748532,0.52229774,2.4822469,-0.33696505,3.5926692,-2.857145,-1.5347229,1.3498683,5.706694,-1.687831,8.019321,9.49218,-1.3705778,5.381211,-0.9494421,-5.523808,0.66213256,-1.8381855
45,0.53058356,-3.6584759,6.7839637,3.514407,0.116709165,5.13062,-3.5972142,2.731064,7.288302,0.021780403,3.680423,4.9136353,4.7597256,6.6439543,7.123496,4.3338456,-0.3073957,1.4714891,6.5626416,3.17618,9.935285,2.6451247,-0.77606463,1.877752,1.9580255,2.5895455,0.7321151,1.9637848,7.121269,2.417626,4.93169,1.2232499,4.2746477,3.777495,0.6027272,11.285725,8.261127,3.3468456,13.217517,-8.023303,-5.4542346,-3.1104407,3.2990713,8.079567,6.4479704,7.680533,4.23491,4.248125,6.394588,2.5854669,7.131382,1.3383039,7.3222017,-6.3540726,3.6269593
46,2.8496995,1.4427408,6.1297827,2.4504228,-0.68426,-0.16199964,-0.26570514,0.90207654,-0.42901742,-2.6716886,2.4281526,-2.082635,0.3325646,6.950072,2.6115534,0.8816551,-1.0836099,5.9745274,-4.805108,2.7596407,3.5838926,2.5512745,4.2614923,-2.3715248,-5.423324,5.751265,4.1021633,-6.4612274,3.6154635,4.4659357,7.0413404,-3.420967,2.9193673,0.09159752,-1.9225664,1.2720407,-2.0930696,2.5762439,4.361271,-7.128485,2.4032245,4.456038,-1.1122159,2.3482325,8.76118,10.133126,1.3327515,7.4886436,0.12483441,2.2576623,0.4052938,2.2536087,4.54966,0.862464,-1.523775
47,0.9694726,0.5060248,4.666737,3.2442698,3.170743,2.0993216,6.7218595,2.2874289,8.904371,6.5749073,2.399255,12.797155,4.1201425,7.755481,4.804409,-2.7793424,11.943451,4.416289,9.7694645,4.7320433,4.7758636,-4.015143,4.4800534,1.2643634,-2.2641184,2.1844447,2.3610582,10.243143,3.2807333,-0.8338473,4.5721436,-0.99663067,0.6046882,2.2030358,0.715596,11.433385,6.267989,4.3479376,5.6040263,-1.5186863,-1.6471361,4.107483,6.3620625,4.829036,2.5508006,4.4115515,6.7819424,9.165885,6.7350006,4.1689267,-1.5868611,1.1849666,3.9013472,6.128712,-0.13793199
48,-3.3752978,3.4590695,-0.7061729,-1.2889198,0.018169312,-0.71989036,2.6344953,1.4445112,7.769118,-0.045689587,-2.4545991,0.12174134,0.8929751,6.689931,-1.1181021,-1.4812101,0.9280762,1.3993747,0.36850113,8.058789,-1.9333805,-6.9499702,-0.15532807,-6.892223,0.185528,2.1319818,-2.8023636,-10.2477255,0.94348896,-2.8742301,-0.73191744,-5.0506544,-1.9955424,0.66479564,-1.4492284,5.7935114,7.3451176,0.43538725,1.1270313,-6.6981335,0.80325174,3.7778492,0.15340912,1.6011406,-8.840361,4.3736887,0.34408787,0.4777736,-3.2978933,-8.182172,-5.060121,0.673506,2.4589527,-0.68532884,-1.1575887
49,-7.5634365,-3.9103484,-7.9848166,-4.7096896,-0.00087570923,-3.6779819,-0.07202561,-1.0022461,3.432076,4.958873,-0.8935939,3.9911952,-1.2047824,-3.1627307,6.290321,0.18346365,-0.40602252,-5.642372,-5.126287,3.7962027,-7.7632537,-5.135266,7.577138,-2.1660805,-11.54907,-3.2728574,-4.98112,-0.184705,0.1432936,-6.719108,-1.2365531,-6.2831755,-4.737939,-0.48260424,-3.6908793,-0.41317025,0.7724313,-5.085391,3.1331415,-5.1705136,1.5559858,6.6427226,-1.8558409,-0.18716553,2.3920794,2.9981349,6.74788,1.737626,10.2806635,3.1286674,-6.431441,-1.8783634,-3.400457,1.226695,-5.6027575
50,-15.504098,-10.021773,-14.567593,-13.684082,-11.881585,-4.3133464,-2.0977147,-8.195631,-5.7432466,-7.8201494,-5.7290587,-9.285703,-7.0228734,-8.187195,-3.9465067,-14.715339,6.0253296,-5.2126365,-10.26551,-2.4149916,-13.612233,1.9658124,-6.320814,-5.444166,-10.711467,-3.223944,-5.572991,-7.618575,3.6721554,-16.464783,-8.845394,-8.148169,-10.051581,-4.583665,-5.699353,-12.928009,-7.1205373,-11.693954,-6.036391,-5.6939993,5.167921,3.639027,-7.358987,-3.949598,-21.815058,-3.6011631,-1.3701378,4.95243,5.41146,-5.333309,-6.694182,0.45492855,-5.325806,-4.6028595,-10.956582
51,-18.822803,-7.5084968,-16.86308,-12.862531,-11.001454,-6.1693974,-1.4511882,-13.044063,-13.3285475,-6.8676624,0.06960381,-4.839731,-9.565203,-7.7269278,-0.26330128,-5.079612,-5.476835,-5.2803965,-13.737396,-9.341543,-2.3498526,2.22887,0.39227054,-5.3695493,-4.632912,-2.0728555,-6.493845,-4.4169555,-0.9543546,-14.116688,-6.898143,-12.272624,-9.900229,-6.71316,-1.2853678,2.8258774,-14.630686,-7.3729315,3.067164,1.6995119,-1.0141838,4.7395477,-5.080261,-3.4225843,-6.200197,-6.1637945,-10.915207,3.862136,5.91164,-1.3759742,-5.104597,-4.376016,-12.800436,-3.7828786,-3.8514774
52,-12.388787,-4.99472,-8.61727,-10.915834,-10.800646,-10.168522,0.8911808,-5.5850196,-8.205357,1.6534106,1.5751518,-10.03843,-5.8646345,-4.353906,-11.731389,-4.094581,0.9837255,1.3623751,-3.7126555,-8.606069,-5.9780064,-5.456123,-1.6012985,-14.58898,-1.0916213,-2.5824742,-11.578321,-7.3239417,0.3873682,-8.602754,-6.833535,-11.839951,-5.9883814,-3.007353,-1.5194681,2.726684,-5.634555,-4.4997134,1.2182765,-7.755354,0.16408809,-1.3632727,-3.9994006,-3.524082,-2.896311,-13.481826,-7.9178023,0.48152575,1.001573,-12.226957,1.4439102,-5.9677215,-3.5888712,-1.1551987,0.67167264
53,-0.68835336,-0.31846967,-8.195304,-3.9097471,-2.9540455,-3.9330454,-1.9446365,-1.2869598,1.342287,-6.7025003,1.3020678,5.397457,3.6824532,-5.263486,-3.6646428,-6.499385,0.58381104,2.1002383,-1.5443969,-4.5394425,-0.8370276,-6.3444023,3.9961598,-12.302281,1.1220995,-2.0515773,4.222628,-5.269702,-0.07465119,-0.4923139,-8.157846,-1.2149696,-3.6673841,-0.031313956,0.46062618,1.0990736,-3.4926457,-1.226839,-5.373561,0.7168742,2.534126,-1.3495375,-3.0227525,2.0041602,-2.6180432,-4.010075,-1.5467247,-1.7975142,-1.9778053,-3.1519887,-2.1844509,-0.050612625,-3.331152,-15.120371,-0.0285543
54,3.3932674,1.618421,2.2156835,2.8865714,1.1766258,-1.6178166,-1.1374652,2.1059263,-4.787172,5.913498,4.3601656,-3.5675507,0.05251166,-3.5572565,1.2441065,-2.385824,-7.139091,0.61275953,2.3506205,1.1554534,-1.488834,-6.2451077,2.2441945,-12.355674,-4.6708603,-0.48433006,3.4376233,3.196976,-1.4442186,2.9222956,-2.2432754,-2.334302,3.68713,1.2684336,5.615577,5.9891744,0.6854261,1.1075305,4.4426327,-3.0221653,5.653582,2.2827272,-1.103687,2.0643485,9.932818,0.20668718,-2.976072,-9.290454,17.356228,2.9978578,6.318355,0.012556255,0.0014329891,0.03232829,1.4018536
55,7.954843,3.1354334,3.7988386,3.6707854,4.96055,2.494559,1.9921391,10.320909,9.428315,-0.18070675,2.1119576,7.5156517,2.718544,-4.49865,-0.4240757,5.2760763,4.014071,5.5959415,3.5647223,2.974907,5.4017615,-0.738283,8.325837,-4.9693794,4.077314,5.9920115,2.7197149,3.2402866,3.018973,4.3137064,1.0188394,-1.9337047,2.1539378,2.4158769,2.2068107,0.15487945,13.4747715,1.6412288,-5.7462926,-4.3641973,-0.8889485,-9.718917,-1.1685293,4.4071693,12.119605,0.8000166,3.4570005,0.54535234,2.4388208,4.152479,3.2816663,0.52465785,4.776538,-1.097777,3.3625393
56,4.946304,0.91185576,-8.236776,3.4216716,5.0078135,4.114467,2.9335375,0.89340115,-9.97074,-4.0786743,1.1577573,0.8922147,3.0280085,-1.7809962,-3.081829,3.1437924,-1.6169618,4.9612083,5.579367,-4.2693872,9.294876,5.005939,1.8900846,-3.4726598,4.301409,2.4591188,5.240717,-8.083365,-1.0543787,2.9126542,5.1514525,-5.581915,2.0091946,1.6048851,7.458465,12.24735,0.09090344,0.51185405,-7.238067,6.3665013,-2.402682,-7.696665,-3.3140545,1.5938364,-3.8281827,-2.7312548,-8.617743,-2.8953433,-2.6389303,-10.878557,2.9631083,0.004032794,6.699682,-13.559943,2.7798054
57,-0.64813733,8.441963,2.3914025,1.4350389,10.201619,5.572926,6.2735667,7.61624,0.6254612,6.5668893,7.801682,-1.0788461,9.743079,7.248608,0.14104207,10.682649,2.4547057,5.916192,-0.84090453,-0.13932087,7.576035,2.839337,5.1880817,5.1560564,2.1671264,8.64686,7.1760135,5.7636533,5.3148584,6.791157,12.42544,-5.203408,4.985333,7.861584,10.323038,17.501781,18.189962,8.398836,10.367273,13.416466,-0.32278427,-7.1752744,5.201424,7.217707,10.242513,-2.6043422,-1.4335002,-7.0981207,11.767269,18.71433,11.217991,5.3548675,2.697685,4.0934634,4.2551665
58,-1.1874839,6.9609466,-1.6837832,-0.6364504,1.1425334,0.8289205,0.092840545,2.8192687,0.33671832,4.1233354,4.5766754,9.876627,8.135475,2.268338,-3.4335828,8.356452,6.924584,5.893469,-7.036871,-8.568361,1.4860984,8.303541,-1.0272588,5.9371886,6.453581,6.5300946,6.420328,-3.9483001,1.1646999,5.1250296,0.39097634,-1.9596316,-0.043042846,3.4086964,1.1801597,9.058151,14.587932,5.8196096,-0.9731783,10.596408,-0.0124461325,-7.7656426,3.4674363,8.529379,-7.836476,-8.377247,-0.24152127,-3.7735913,-1.8115717,-2.6970503,3.2209065,7.2227364,-0.1300965,-3.7129261,3.5579998
59,0.7980765,11.359245,-1.9461906,3.9812553,2.782256,7.50473,5.8726225,-1.7439185,11.823565,-1.3783407,5.8139544,5.2378087,18.695726,7.2056046,-0.05087426,3.8408406,2.8215046,10.030404,-5.3035336,-8.16177,-1.1230779,12.390185,4.2419577,-2.7222838,-1.6834174,14.623666,10.587714,5.0294185,-2.109873,5.3843155,-2.1519358,-4.2441955,3.0018604,5.278394,5.483971,14.455629,13.858925,6.49142,8.141302,12.866173,5.8187838,1.5652833,4.9472485,5.695557,-4.1857557,-12.879695,-8.405034,-10.065887,9.862808,9.070822,6.247654,6.0405636,3.2180448,3.5254195,4.4136586
60,5.248502,12.039502,6.25255,-0.50679624,2.778761,0.47975206,-1.3996873,1.2578498,10.793202,8.69762,1.7471685,-4.207384,13.275274,-2.9331598,-4.411631,5.8806825,5.099837,2.6172855,6.0936403,-1.7764366,1.1538026,2.2830234,-0.2055582,-0.032953702,11.951963,11.983421,10.805765,-0.05606722,-2.041472,8.342865,3.7375782,4.3137064,4.426211,5.558094,6.6090684,4.929728,12.141437,7.8554235,8.703392,2.006407,-0.33827454,-4.1651564,4.1830716,6.426487,5.6658616,-9.304131,1.909462,1.1962538,15.511203,6.184217,5.031126,5.1412005,2.1794655,-3.163192,6.21859
61,6.7574725,8.12749,4.9772573,3.3016062,4.2271237,3.770236,0.45345023,1.148332,13.144191,5.9444747,1.606995,10.442947,16.07346,0.9751162,-6.7427373,4.675929,2.5186365,3.261416,10.915084,-8.085099,-2.699677,5.512199,-1.7226636,-0.1481708,11.288167,7.3546295,12.023908,-1.4064983,-0.63132125,5.3485236,9.503558,6.6175265,2.445784,6.7796407,3.5275164,16.748753,14.768424,10.673239,6.167644,6.715345,7.489774,-1.5008945,5.6984496,2.7393463,-1.5891488,-13.202933,-6.15401,-1.4534755,0.9564735,12.334664,12.60474,7.8068824,12.63824,-4.767504,10.441342
62,0.23530759,-0.43992805,10.123354,-1.4312705,0.40476325,1.8628268,-0.708733,-2.977603,8.271135,9.4669075,3.633854,5.3763313,9.749323,6.4444666,-1.8976871,7.200687,8.09434,4.938803,2.0965338,1.1941323,-2.2136521,4.8683786,-1.7672706,-1.4898175,7.4471273,7.2453027,7.3826118,3.4455767,1.8980978,2.6244335,2.223466,3.1863067,-0.15043415,2.1466632,1.2733442,4.2910748,9.5939045,9.669038,7.3922496,9.44075,-6.5081444,-9.902327,9.229785,7.376352,-2.2737184,-10.17037,-6.432044,11.201661,-1.764875,-8.15635,6.0586295,8.401499,8.521562,-6.603424,6.3772936
63,4.3937445,4.259121,10.612356,2.7505798,7.5287757,8.844731,5.535592,4.5439267,6.6174335,7.28904,3.7244844,11.765539,17.523094,16.71262,4.000575,12.198456,8.948712,6.767688,5.7875233,1.4820464,-2.006618,5.704224,2.9382231,4.244553,4.4222093,14.764217,8.1178465,6.4976134,2.812953,4.113345,12.0150585,-0.6568259,3.0014126,3.8372755,4.9568233,18.672916,11.729275,10.764237,14.436877,18.786627,2.445546,-4.17916,8.907824,6.146553,10.661934,2.8515573,-6.519787,4.066351,11.828296,27.074776,14.079248,6.825021,6.208259,4.090349,5.3192596
64,-4.09955,-5.6878123,7.928622,2.0972261,-1.3253325,0.010779033,6.3718753,0.13525547,2.084347,-11.845742,0.76815504,5.4952326,-3.7943485,3.3020456,2.428884,-1.4886776,4.104892,3.8611555,1.2368897,0.26535696,2.85138,6.3907847,2.9675894,3.7145486,-4.8757086,11.811099,-4.238073,6.3193116,1.9044414,-3.336515,2.1816945,2.3266852,-0.19414084,-1.9557328,0.2586079,12.20877,-4.4683533,1.5588632,5.1871624,8.81832,-2.571625,-7.0517206,-1.5975926,3.4561272,1.0507174,7.1027093,2.000473,2.1890156,6.286915,0.04689034,2.8470476,-6.953668,-6.0596323,6.2131243,6.8519764
65,15.737669,19.665096,12.418622,12.751135,12.031197,12.082947,7.707283,12.709564,8.410299,17.392797,-2.239078,13.429464,10.417015,10.750196,12.53068,17.45496,-1.8088012,1.5874699,7.4906583,7.652949,20.363447,7.9816337,0.26906097,17.7737,9.4111595,9.033427,11.791245,13.329158,5.808332,15.447402,15.016804,8.188962,9.258082,4.8681664,8.276496,-7.2799907,23.613762,9.33927,-0.24512784,9.269044,6.7844396,3.9689353,11.677768,8.550407,11.3942585,5.9686265,-0.8896558,3.5502672,-4.638697,3.0072408,2.748125,11.532863,10.822298,7.4571943,2.5487835
66,17.471962,22.302073,13.532692,20.720833,19.786282,17.525415,9.946177,15.265989,22.660582,8.066097,4.8167763,20.836866,12.327538,13.178078,15.742275,23.573477,-0.9440286,6.752344,16.354076,11.375038,22.688293,12.670336,8.280995,20.92043,11.328077,11.628323,18.326668,15.390141,5.9328675,23.018793,8.186867,16.585623,17.57761,10.411568,12.087207,6.72559,27.116373,14.014545,0.42284235,-1.0740199,4.593925,7.188918,10.282358,4.13826,28.274895,13.725184,8.561377,1.0661792,4.513296,16.657515,6.906708,14.503746,20.073097,3.9305015,6.3324986
67,12.492218,11.739343,12.885808,14.303743,12.647276,12.6179085,12.544458,16.776176,14.314815,10.628815,4.8730755,14.115361,0.28274187,12.208185,14.023188,18.177277,5.938144,2.8770208,11.682099,7.8863335,26.539192,6.851313,6.105055,9.663534,-0.19655396,7.9663367,7.4635816,11.17405,3.2677479,13.016043,6.062753,8.659989,12.017343,8.941137,9.582082,-0.80137,20.888224,12.081091,0.51242566,5.4561043,1.9569594,3.473824,9.459126,3.7024064,18.1677,12.774916,18.21352,3.6727598,0.27788118,11.125427,7.236662,5.1589675,11.992718,10.129856,7.9599204
68,4.1407413,0.4545647,1.6148847,4.897887,3.2977257,3.915217,8.757138,4.1174917,1.2995282,3.371958,-3.0606952,3.5309515,-1.8862004,4.865487,8.5449705,7.9055986,0.20821999,2.915957,-0.5287539,5.912949,7.4225583,-6.47977,0.98031056,-0.00032226098,-0.16323836,3.9050622,0.7206378,4.210017,5.39999,3.3312724,-0.54578376,4.4044266,3.3525167,-0.28486508,0.16375741,3.9924364,9.722732,2.7446651,-1.1478752,-5.4912148,-0.6208391,3.7512321,2.2147212,-0.635702,-0.33998817,9.375679,4.9166026,-2.2034886,-0.1224432,-4.058029,-2.760603,-1.4050845,3.4683821,2.2044663,4.0597234
69,-3.676814,-9.9671335,0.12291567,-0.7430092,-1.5532326,-1.1439996,-0.04527302,0.86069244,-8.753188,0.48843527,-0.23231958,-0.0059441407,-9.335955,-0.39532158,5.0940514,-0.28743863,-0.90864456,-2.7780092,-1.3305451,-0.13923581,3.520832,-0.35697818,1.7923574,1.8071837,0.18235469,-7.862052,-2.1735115,-3.2817686,-5.3144984,-6.7723293,-7.230549,-6.7200594,-1.9959865,-1.4348544,-1.5175524,-10.895689,-1.4388456,-1.9512644,-2.948502,4.7997274,1.2926593,5.920857,1.608667,1.1232197,4.812854,0.24523439,0.90733194,5.0102463,4.0460544,1.1122313,1.3317101,-1.0428758,4.6474514,4.160702,-3.9534006
70,-7.358578,-8.764024,-6.337233,-2.0035932,-4.5600004,-6.054049,6.3465734,-4.5629187,-2.096357,-11.559654,-1.1211365,-1.8265775,-3.9538667,-0.0029403667,-9.884817,-2.9788857,-0.77940583,-2.286214,-1.6028813,1.183043,-4.923201,0.6749312,-3.2026238,1.5851724,-0.08304865,0.7164469,0.8223582,-3.5776563,3.507006,-7.770089,0.9731555,3.7228715,-2.885918,-4.460001,-2.6354969,7.9043155,-7.352281,-1.9963588,-1.3277137,-3.3622835,1.3887585,-8.330009,2.5791411,-1.1189938,-4.781895,-1.991993,3.7854235,3.8002172,-5.8699455,-1.8565061,-0.2136539,3.7798524,8.876127,6.3060436,-1.2697296
71,-3.1973388,-11.792342,4.239937,-8.370357,-5.9054985,-8.421882,0.44959962,-0.8952747,-15.532946,7.528071,3.9093878,-7.267273,-10.508914,-8.59475,-1.7808758,-9.870831,-2.8506048,-3.232264,-6.285929,0.63288724,-12.537573,-6.4968634,1.9957908,-13.30698,-11.705486,-7.824581,-11.942889,-2.8061812,-0.79715556,-5.2086663,-1.6811135,-0.2721038,-3.1667871,-2.6230223,-0.98985904,-4.1989985,-15.556397,-3.1622632,11.423506,3.7309575,-2.9281929,-0.74502385,-6.461353,0.35020265,-7.5470376,-1.5839067,3.7530773,5.685898,6.152579,-21.138943,-10.952135,-7.9532266,-12.06329,8.342575,1.5275675
72,-1.972714,-8.23402,-3.183188,-7.314353,-8.322056,-6.186764,-8.24715,-4.964908,-7.8299456,-5.070005,-3.5908654,-9.267809,-4.546936,-2.7132504,-8.814183,-9.536495,-8.167174,-1.0932685,-0.57696956,-6.8559766,-4.242506,-10.075359,-2.1120718,-6.8312616,-6.688937,-7.9313574,-9.331849,-5.018502,0.59584874,-4.058618,-6.52517,-5.061485,-5.9159937,-5.5923634,-3.3401916,-9.257381,-18.603416,-7.9322267,-2.6391785,0.9884986,0.69269663,-3.8347998,-8.284426,-6.659453,-8.936105,-17.326828,-6.090248,-5.89571,-0.7380884,-13.19831,-3.5713356,2.01192,-10.0148945,-3.7132547,-3.1822515
73,-2.1673486,-15.046394,-7.7442927,-4.427423,-7.719264,-4.102334,-3.469816,-14.970754,-20.56092,6.300131,-1.4566875,-6.4201736,-4.4380426,4.294098,-2.713682,-15.626739,-1.2588189,-1.4066105,-11.885476,-10.220079,-10.250424,-3.6841362,-4.650367,-9.580153,-7.662865,-7.6313357,-2.9231317,0.36532116,-2.0843313,-2.8631277,3.289878,-8.28416,-1.8179915,-3.5411284,1.692533,-0.15630536,-30.884474,-10.461874,5.7458606,-8.500719,5.779144,9.772831,-6.884906,4.2147813,-6.156484,-7.5761476,-14.123069,1.6015856,-1.4366947,-17.157475,-0.20572035,-6.570473,-9.176213,-8.727202,2.0540962
74,4.3456225,-11.796863,6.281035,3.304992,2.1060796,3.5234895,-3.5191567,1.5044545,0.087780006,1.7786329,2.0969825,11.125217,6.075639,9.94815,-1.961865,-6.828008,0.91552556,-2.6108644,-1.8922993,-3.6245685,-2.8629193,4.510065,4.094752,-9.971349,-0.24302,-2.9605649,-3.9152386,-2.031051,-2.1188855,0.24424884,0.3689247,-2.0652432,3.8193262,2.729115,1.3496774,3.036248,-5.0391245,2.5260658,1.9801816,-1.1859603,0.37400475,2.0620158,0.9134948,-2.391181,4.4239287,-4.4849234,4.541607,1.7178278,-3.8594882,-3.5078175,2.6875215,0.82043946,3.589784,3.7682226,8.747261
75,2.5281835,-2.0688424,-5.6849914,-0.6540515,3.4437633,2.2008226,-5.5968733,-6.641627,1.150725,5.228119,-0.013938941,1.8716044,3.6143122,5.436752,2.153584,-11.290996,-0.07346457,5.0953975,-6.6352305,-12.312716,-3.2149632,2.5357027,-5.44465,-5.752786,-2.3824394,-6.612551,-8.250651,0.5755352,-3.9162214,-1.4282445,-0.79133666,-0.8782552,-1.2594453,-1.0365844,5.1595473,0.7430611,-15.285362,-2.2874422,0.3660182,-2.3573942,3.9368079,5.7663393,-7.7613997,-0.8649586,-5.291878,-5.9198933,-8.14591,-3.8867245,-8.8575535,-6.341508,-4.0979986,3.2772932,-2.3769732,2.4531398,-5.29452
76,-4.437568,-3.8242252,-0.2438929,-4.5046525,1.1958557,1.1070312,-7.5875335,-4.1291785,2.9888637,2.2898977,-2.3444448,1.5479625,-0.6096675,2.8542974,3.3820305,-11.129333,0.795172,1.3249183,-3.7197187,-7.525937,-5.534376,-0.93828726,4.2050467,-10.01952,-4.690859,2.7850997,0.5593393,-0.7753897,-3.4322557,-7.2295074,-6.779558,2.0794833,-5.631331,-0.118972406,-0.9846892,-1.6952662,-5.1845026,-4.7572174,-5.6903358,-6.678321,-5.834916,-0.7347941,-7.561514,2.719136,-3.8025072,-12.550707,-8.209981,-10.970111,-5.7176394,-2.8138864,-4.304265,2.4031825,-6.3168163,-9.943123,-2.2812061
77,-12.515993,-14.271913,-18.794682,-9.722794,-11.45033,-3.0357394,-4.495651,-14.616225,-12.187817,-13.91671,-5.620416,1.4165183,-6.396025,-4.2544875,-5.0880475,-12.862837,-4.1654024,4.0358005,-14.999746,-18.777252,-8.155179,-7.5198474,2.2312183,-7.064604,-9.373117,-6.503633,-10.544496,-15.256617,-5.063871,-12.278153,-11.567023,-8.82733,-9.445464,-7.2399416,-0.9319395,-10.170968,-14.876934,-8.455832,-6.2709413,3.8134704,-8.1002,-4.89898,-11.802924,-3.6241317,-23.240862,-15.909749,-12.828886,-6.1626883,2.126454,-19.00966,-9.336503,-4.1663146,-11.71111,-11.883391,-8.227378
78,-12.073294,-10.47472,-17.33164,-13.654289,-13.4332075,-9.001805,-6.8682594,-18.355112,-12.828004,-9.521869,-10.4557085,-13.717061,-6.1558375,-14.032217,-11.617263,-17.65581,-3.9797318,-4.13044,-7.3699794,-19.03995,-9.015304,-8.977498,-5.041598,-16.355423,-11.269885,-7.044045,-13.315746,-9.867958,-6.848524,-12.393497,-4.271985,-5.7687383,-11.10564,-10.0875,-11.205662,-11.4963,-25.830257,-6.9936986,-11.6167555,3.9413693,-3.3758101,-8.818055,-12.88116,-9.552002,-20.087193,-11.396007,-17.7475,-8.508816,-15.273372,-17.541763,-8.300425,-5.797346,-19.695034,-5.874388,-9.575458
79,-6.119741,4.959033,-8.388304,-10.209953,-7.709273,-4.46705,-1.2166139,-11.10202,-7.7584343,-4.145085,1.0229214,-4.4111648,-4.0850363,-12.87118,-7.3066635,-12.196573,2.264601,-1.7658796,-0.4772158,-1.381384,1.4820539,-3.3921275,-3.1379485,-9.671989,-4.1844807,-11.642671,-9.545218,1.0142851,4.1143937,-5.4389343,-6.7789683,-5.619895,-4.0841565,-3.8793116,-4.2754903,-4.911566,-14.8496685,-7.477732,-1.9042655,-7.5484786,2.0670943,3.730769,-2.8242548,-2.957377,-4.1726007,-7.0181136,-9.73994,-1.9188807,-6.9006515,-3.2733102,0.17154385,-7.0853577,-10.478743,-1.2087394,-5.718059
80,-4.9130025,-10.101761,-2.481513,-4.7172256,-6.6949234,-6.224027,-0.56112856,-2.2831671,1.4983898,-13.245478,-6.141535,2.7211945,-5.35205,-2.9352396,-11.021792,-0.048416857,-7.664787,-3.5916734,-2.2075493,5.437358,-4.3552837,-2.469674,-2.1081896,0.022800203,1.0456951,1.6184099,-5.743613,-3.5623622,0.30314142,-1.519854,-5.4358397,7.2181306,-4.968363,-5.234488,-7.448638,0.13227244,-6.731423,-2.2799675,-4.3995028,3.8470411,-1.0090886,-8.115139,-3.4042685,-4.0283813,-1.9139955,6.8479095,-3.230955,-3.823697,-14.919023,-1.0020751,-3.0785294,-5.8428965,-2.6018395,0.8556596,2.309931
81,-6.473829,-12.953824,-13.88052,-11.990907,-11.228563,-11.836784,-17.575443,-8.1423235,-20.266071,-9.637302,-4.0962925,-17.125181,-13.195566,-8.0886965,-13.032495,-18.646957,-10.033437,-11.541918,-14.633677,-5.0835233,-13.7870035,3.5679271,-6.4656982,-0.43080023,2.6948223,-17.96302,-11.226173,-11.018934,0.93045014,-7.844973,-17.796621,-7.4635963,-9.262483,-4.8027463,-13.809827,-8.068927,-11.393872,-8.887739,7.052702,-8.551793,-12.621628,-21.49075,-5.3893285,-15.43914,-15.579827,-4.552225,-1.1460253,-4.2910237,-28.547579,-31.445362,-9.299381,-6.9832234,-1.3636991,-8.91623,10.948737
82,-9.603281,-6.6801124,0.22581586,-9.122551,-10.195722,-12.598414,-10.662009,-8.21289,-23.593431,-10.3446665,-1.3836918,-24.013296,-18.671696,-13.806448,-4.46563,-18.533031,-9.404278,-10.96332,-5.5137696,-17.63981,-10.373775,-5.3362675,-6.999014,-11.35386,0.6341421,-15.173032,-14.591036,2.1571157,0.017986655,-5.7579055,-7.902414,-11.917959,-5.418246,-7.6742916,-9.764465,-11.5267935,-28.165525,-7.5019956,-2.3509395,-1.7188412,-13.271945,-18.096827,-10.3984995,1.6918727,-13.436304,-6.181965,-18.086075,-23.137709,-6.286792,-21.761524,-2.483876,-14.785352,-20.805359,0.342677,-5.9186974
83,-17.376667,-7.1038756,-17.692717,-13.72329,-17.941305,-21.093336,-7.0688405,-15.44645,-28.498137,-14.9282055,-8.088567,-15.239199,-30.415854,-22.047455,-18.066141,-28.953846,-6.0399137,-8.771922,-16.667192,-11.888198,-18.673151,-6.7657347,-1.9908987,-15.366445,-0.86488116,-25.13921,-20.926699,-6.126385,-4.3323703,-20.42779,-16.922047,-2.9533775,-11.208076,-11.384992,-15.6256895,-15.500486,-41.186886,-21.289993,-10.345139,-9.020722,-9.013683,-11.102655,-13.193048,-7.619772,-18.585348,-15.182564,-14.650815,-2.1057067,-16.520048,-23.073212,-9.7316475,-22.559753,-24.127317,2.5997388,-2.7582245
84,6.0566473,15.513724,9.542794,4.314825,0.8819508,-1.0349296,1.2325393,0.96709025,-8.09701,-0.7826834,-0.5911807,-7.744231,-9.036098,1.5092286,-1.8886955,11.993843,-4.648007,-2.8466964,6.0207295,5.3258967,6.2893844,9.441927,4.006662,18.255808,8.572336,-4.7943053,-5.195024,9.879835,-1.6967547,6.087078,3.6501777,-0.37521458,1.361489,-2.0082064,0.77626574,-2.6365962,-6.738372,-1.5383888,-0.3886302,3.8859851,1.0564501,1.7811891,8.0618,0.8387699,2.4690652,-0.98054767,-8.830664,-4.6041455,1.072208,14.614145,2.2742,-9.532531,-2.7647645,12.589626,1.4815431
85,5.1788454,13.842537,8.52043,5.3906627,3.8889828,-2.5318632,-0.53529334,1.6665155,-0.36962327,-5.663539,-2.46094,-7.0115957,-4.76949,-10.49388,-4.825038,16.304138,1.6084795,-0.14883247,-2.943818,2.0713136,0.7520484,14.306668,-1.6727122,15.279182,5.3217688,4.4381843,-8.117072,9.290899,0.061706934,2.3366265,-3.654983,6.9040995,3.865784,1.5456094,-1.6085967,6.852731,7.800945,-1.6224719,2.0033612,-0.20053117,-2.2638757,-5.2167044,4.913928,-0.97381747,-1.8371443,8.814599,-2.208319,2.9107535,-6.284386,18.674152,-1.5295265,-7.184985,-1.0619334,12.998818,5.790126
86,6.383028,14.356982,8.805821,6.2173247,5.915261,-0.48448756,-7.0135837,5.49838,3.1000385,-5.6702404,0.6925346,1.4744232,4.591429,2.2929265,-4.8280587,8.705204,-1.5671844,-4.6499805,-4.614819,5.5901766,-7.3311143,10.1227665,0.1265848,5.929903,4.2683344,-0.12348991,-4.3878403,4.102378,-2.0264685,1.828508,2.543469,-1.6379561,-3.4970295,3.8433988,-1.39616,-2.7040951,7.337106,-2.0515144,-11.006392,-7.2420154,5.8701897,0.5684018,6.0829773,-5.0557976,-2.9223464,8.816575,-1.1395308,-1.9590355,-8.392868,19.328283,-8.328343,-5.487114,0.23547581,13.132445,0.38801432
87,1.4341542,5.360515,4.5596514,0.62488467,0.8153407,-1.9302607,-6.868496,-0.71799266,-0.7294879,-11.666676,-4.040656,-4.256029,-5.0516224,-3.4098418,-0.725277,4.5425653,-5.161773,-1.5129302,-1.2155303,-4.4522166,-1.3669157,0.1652411,1.2181113,7.845123,3.582263,-4.430575,-5.1966643,-7.590435,-3.8708813,-4.5144525,-6.08897,0.13291547,-4.653789,-2.3530295,-5.483947,-7.4062696,-2.149368,-8.332756,-7.238534,-10.6042795,-2.5432565,-3.0719626,3.6897328,-3.0528326,-10.563133,4.0692606,-3.0540535,-1.5815821,-20.290173,-0.16543983,-9.614419,-10.706427,-5.471978,5.066264,3.7303526
88,6.0225124,7.325181,15.3223,10.333087,4.399381,5.665557,0.4773261,2.963631,-4.19034,3.9961047,-0.41145995,-3.1809235,0.49363083,9.120583,8.045064,12.525291,-1.4858581,1.287495,4.3683043,1.0852603,9.786891,3.1904957,-0.6865474,11.754159,5.5486455,1.8948646,-0.5444908,14.227873,4.1699333,6.8619285,11.549923,-4.5051107,4.157846,2.1436658,5.023433,-2.2251093,3.5823755,0.3553814,10.1670885,1.0999068,8.830249,3.4110727,8.85659,1.3002977,3.1611109,-0.80341375,0.5870779,0.57554257,3.2800424,13.32351,9.142289,-0.78181636,-2.2088554,12.497282,2.4250429
89,9.413172,7.111425,14.290985,6.32587,6.246955,5.928781,1.1054739,6.7883205,-0.37107688,-3.305643,-0.21222834,2.4398837,2.7904809,7.7308326,7.474793,12.026026,-1.9802891,-0.8497078,10.276596,2.1471927,13.099651,2.9969714,1.9250003,14.814106,9.501465,5.3290462,0.6745169,-0.11194791,2.2718687,7.4289713,9.543373,3.1124558,6.118468,1.551178,0.99121153,-1.985272,2.6597764,-0.1876964,2.1532886,2.7822587,3.6573386,-1.9543499,11.13169,5.257509,5.7399983,6.6147695,1.6575589,-3.7649996,-3.6811485,14.038525,-0.70588166,-1.6850128,-1.1719468,13.760331,2.2591023
90,8.239098,8.6388235,6.5315747,7.496788,5.802927,7.966343,1.9878302,1.488354,-5.9207892,20.445932,3.900093,0.5626871,6.280541,10.325682,7.275282,6.0402265,-2.3349168,1.9402275,4.671414,0.41863406,0.29432988,4.2812805,-2.1230965,7.5462527,2.3534641,-2.7695775,0.8237668,7.268816,-1.4545708,9.959362,0.37924567,-2.6725187,6.124567,3.1439593,10.139105,0.75674415,-3.6914363,-3.9907382,9.462079,3.3204725,5.571457,8.185046,1.6559623,1.3383701,6.853452,-4.4177833,-2.85336,3.678142,8.006823,16.092184,3.0472639,0.79717934,-0.7974399,4.880985,-5.368116
91,8.582161,8.940319,9.928592,6.443936,12.56368,6.7189474,8.073074,10.607871,8.048095,2.5844815,3.0991142,14.561431,4.5136433,5.6174226,4.9884076,9.947102,0.35363382,2.063039,9.74233,4.331013,10.37344,6.3016057,6.9123964,4.735458,5.2913566,0.8024214,4.4801,6.8963223,9.145098,8.940968,6.3943405,4.685371,5.413351,3.454248,2.963726,1.396523,11.585127,8.019854,-0.38532946,2.8562121,-1.9617225,-0.83257204,1.0848342,3.826497,8.769866,-0.37198833,7.2653522,12.628641,0.17369549,-1.3212785,3.6824317,4.4839644,6.285068,12.029513,4.9841046
92,7.219811,2.2510493,1.5960307,5.2692113,5.8181705,5.3804865,0.30495733,3.6331937,-2.7015038,3.460887,3.9290738,12.082945,-4.153803,1.4012641,11.029575,1.3325078,-1.0536879,2.4980166,5.735006,0.39119264,11.353599,8.987025,3.1457124,2.370852,-0.106744744,-0.46044216,1.9578903,4.390726,4.483857,4.279085,-0.9741236,-1.9409678,2.6009817,0.20447366,5.3061857,-4.515659,-0.26936284,0.36011496,0.52744764,4.1765585,1.6864997,-0.8730245,0.09353405,1.1672632,8.886758,-5.6362286,-1.33444,3.866162,-1.6477118,-5.8893595,-1.2865224,3.452695,2.867685,-10.226804,-0.18229213
93,4.020768,12.682009,-0.77192795,3.4008856,4.17356,4.9061904,14.205401,7.3527923,6.3194065,8.847448,1.8322823,6.4648385,-2.121785,-6.802394,2.355582,4.4498353,8.519552,2.6279128,0.5457496,3.7652252,11.670603,13.229704,-0.48358047,3.5304587,5.7306924,4.5399327,3.201613,-0.8793631,3.755099,5.595585,1.8675773,5.8237405,3.394813,3.7442229,-2.1058695,0.20963684,11.953893,5.267985,-1.1624006,0.11381597,-0.8462882,-1.7433344,1.7271605,1.5539796,6.7668967,-6.2143016,8.761598,3.1605687,-14.852623,0.6491291,1.5394896,0.31624418,6.4076815,7.035508,5.0741715
94,5.864737,9.284696,3.363124,5.3421774,6.2041445,8.364765,3.495371,3.07065,4.8973446,6.26437,2.6321344,-0.849573,4.611312,9.06956,1.965409,1.6398612,-1.2143606,-1.7609185,0.23174529,3.401292,7.3198786,1.3407202,6.707598,3.702119,7.7339993,0.4915006,6.6452785,15.737312,0.15567958,4.74121,2.1127691,2.9103653,5.540009,2.097084,3.2053556,-2.0762787,6.778137,2.3015187,4.598592,2.2951844,-3.556185,-1.2602897,5.562869,-0.6641949,0.5836235,1.960178,-0.8858895,4.262112,-5.376273,2.6153278,8.699482,2.0561788,7.966951,8.850432,7.6950645
95,5.0621986,10.408278,7.459074,4.057662,5.242051,3.6407938,8.064981,10.615143,-0.4575712,3.208816,4.058119,8.59026,0.21545999,4.4941354,1.0791192,7.811771,-3.4493523,4.9194713,-1.380242,0.62084544,13.158918,2.3253126,4.561195,2.0028687,4.742863,2.1392896,3.2099686,1.7942129,5.1892295,5.7900763,2.910223,11.788377,7.192978,2.6879194,1.0635853,5.809387,14.322255,7.306944,3.2411854,5.2610855,-4.415701,-7.0311713,1.4020126,4.245575,11.465872,-0.4169332,10.842494,3.2517805,-5.4876437,-10.567229,1.3023928,-2.1852427,-0.17105135,3.782299,11.091732
96,4.7311883,3.9300745,5.6164856,8.672621,9.269214,8.644242,4.8935905,6.398161,6.1877613,-3.7965481,7.9022717,7.8623595,6.9940863,15.522571,6.0018826,7.2114315,-0.86221546,2.5600405,7.561405,6.8691106,6.7983265,7.3193088,5.707866,5.946723,1.6478844,3.5934489,7.107205,9.582016,5.830295,7.7304296,9.076778,12.559703,8.376237,6.3654313,5.8900447,9.090074,3.372244,3.308345,1.716357,-3.8190184,0.10489593,3.561793,9.041554,3.693748,11.119572,14.716908,5.757873,-6.351943,-7.20277,-9.611898,0.82297236,4.2869396,14.367598,6.981835,12.4254
97,10.356471,1.9963945,14.226093,12.583661,10.5395775,10.866219,8.667491,7.869262,9.837295,19.231506,8.854435,9.336981,4.8107414,17.346205,16.275347,12.490142,3.1297176,8.210667,12.360159,5.5467596,13.666388,14.04846,9.993534,16.940306,4.8242908,13.196534,10.263115,-2.2973428,8.518657,12.83567,10.977114,8.869691,11.791112,7.3955646,10.976319,13.459861,10.969697,9.950851,21.181973,13.512322,4.9846344,3.5541599,10.530579,14.611644,16.75912,16.594913,6.1718245,3.8167813,14.76015,30.255444,11.799754,-0.07161534,12.987724,13.942724,8.940198
98,7.857988,-0.82070565,10.225226,7.7039185,6.563602,4.9954615,7.785284,9.618349,13.795832,-2.7763562,3.8431928,0.31799135,-0.19895278,7.275071,3.2473788,7.68723,-2.9575918,3.3124843,7.2665305,8.511583,6.5651975,24.136003,2.5601165,-1.3742961,0.20171589,3.2562885,8.012964,3.604687,5.5185304,8.297398,6.5268826,11.715665,6.409932,5.1030617,-1.7760272,1.6534364,13.323863,9.194257,0.51254845,10.940281,-3.0082238,-2.0207481,7.623024,6.4031672,9.550813,11.373367,9.941724,-2.1003695,-10.575493,-3.4262497,2.582416,-2.8196464,3.5462706,8.956714,-0.42980036
99,1.3609017,2.2914004,-0.8034207,0.45298472,0.060671106,1.3258178,11.11379,-2.9483478,-1.9005775,7.764659,2.8563657,7.556943,-6.2143335,1.9275192,8.349405,3.11142,2.3470407,3.2735546,-0.9000684,4.4866514,9.650353,7.586793,1.4691663,3.9457567,-5.6606317,4.299447,2.6004016,0.3265078,2.4358296,-0.9458084,-3.206766,-2.0697782,0.21913089,-0.6145539,1.3982764,3.5347648,5.794814,1.8044729,2.6249573,0.32717943,-3.6490247,-6.9486184,0.24016792,-0.66123265,7.328015,7.4090767,-5.1496243,-5.872904,0.9113426,-17.544844,-5.878467,0.8341534,7.697792,-2.3088083,4.4369864
100,0.93504906,3.6880453,-2.5527961,5.3679466,2.2114527,2.9697497,5.7628207,3.8479693,5.8963904,9.322434,-1.5074017,13.524915,-1.9295287,7.309618,3.4120467,8.402588,-3.3754954,0.89785117,0.72738105,1.6047837,12.671306,4.500612,-0.107137695,-0.4506822,2.855549,8.161855,0.084861524,4.484413,1.2112577,2.1270814,-4.0209928,1.1304688,5.504575,1.3653731,2.1266558,0.3345752,4.1862745,6.541294,1.8960198,7.073214,0.9054322,-0.0027690663,2.0725,2.4152453,12.22795,9.479286,2.7595503,0.89176375,6.557747,12.5714035,8.793814,4.0843945,8.937617,1.6970254,3.6662436
101,6.3286085,2.6184168,6.0097117,10.6040325,10.134863,8.246812,15.046427,7.7297287,11.649549,15.376048,12.30096,16.826035,2.1872141,8.580322,12.7631235,10.956965,3.8189766,1.9071003,2.1719425,4.311943,18.77554,7.418661,5.887095,13.486623,0.9151139,5.253482,9.325248,11.52202,11.208078,8.839573,18.201637,3.2734385,9.453452,5.5942364,14.399608,14.566202,11.5750265,11.146178,13.981735,3.0511987,5.9341846,5.9211826,6.4988756,10.614656,17.863976,6.9868464,8.655866,9.770363,20.454683,14.393847,10.611125,6.997735,14.318418,13.407125,10.308459
102,2.9733107,2.9818215,1.8578743,9.163135,9.299394,6.0466976,11.098167,9.418281,23.164307,7.4805293,3.5594866,15.885038,5.945859,9.737731,6.4434953,16.974266,1.6725622,3.9337995,0.21545143,1.0839751,11.151671,7.634337,2.930936,8.421326,-0.512581,13.096098,7.166623,15.71482,6.3377614,1.6089127,-0.84410524,5.051988,2.8609002,5.359165,3.7653942,8.262643,20.739235,11.3509655,-9.880653,6.221977,1.4853482,-0.74439913,4.519363,7.02233,2.496863,2.0869186,6.943831,0.002002854,2.0342758,0.38344273,8.079559,12.860433,18.279259,19.118902,11.800304
103,0.92496413,-1.7995794,-6.2615943,5.089825,6.3190923,9.233981,15.893846,6.242914,19.092293,-6.390767,4.308769,29.045055,9.929765,5.59189,11.481094,12.986405,2.2575877,2.6458712,-3.8406038,-0.75704694,4.7458873,10.039965,-3.1187625,12.454331,6.050047,10.242423,15.350037,7.02227,14.993053,-4.7747016,-0.48254168,-2.29867,3.8319693,2.028747,-0.098956786,11.922994,18.764473,11.889412,-4.753382,4.7903357,-4.3371263,1.3104955,5.2929773,6.994043,-17.200966,2.264827,9.842454,0.2492054,-13.279793,1.4306525,-5.5354447,9.19375,17.232765,2.5158947,9.364417
104,0.43524098,7.916676,6.1939607,3.7961168,9.692685,15.639526,9.51059,11.773573,16.64661,7.5561366,13.388695,15.013319,10.527334,12.4072275,16.309763,13.17707,-2.8510325,4.5139413,6.669882,3.7346559,15.291209,16.3587,4.9284573,8.323589,5.6136928,19.353144,10.7901,2.9010346,9.349202,0.41766748,9.259762,-10.004381,3.5125585,4.9275675,7.994484,14.046311,12.959934,13.850197,9.893541,17.06144,5.868751,12.774506,0.65056634,6.6813903,-6.8176455,-3.424604,10.38301,9.075831,25.488632,35.847748,9.750173,9.095484,17.821098,0.9620983,6.6832957
105,-4.7883697,3.9432974,8.626105,0.37169582,2.1733906,5.44911,1.0898789,9.781098,19.591171,7.2212105,7.245119,8.523453,7.9581623,0.84100854,8.62579,9.220398,5.945785,6.3773613,-5.322231,-4.2859526,-1.1432993,4.252144,-13.118158,6.5814934,4.423908,7.8199635,10.764084,-1.3001448,3.0542033,0.54328585,1.530259,-5.060968,-0.70021677,4.058799,0.14770277,13.872035,18.241016,9.661595,6.294846,7.6040893,-4.995461,2.5004008,-1.8275143,0.23749036,-6.965311,-2.4755683,8.633739,-0.7536196,-1.8085446,10.013974,3.0722044,5.659358,7.533093,-5.953072,5.8211045
106,-10.773176,-2.4759083,-11.362357,-5.8159575,-1.4110588,2.589315,1.5835958,-4.2728333,-2.1259356,4.9167004,5.0346828,-3.5949447,3.5887785,5.5397377,0.66499615,-5.526327,3.7302856,-5.0002027,-5.967841,-11.902501,-7.1501846,0.97252303,-1.9031595,-7.949953,-9.44484,-0.50254154,2.540355,-1.0563871,-0.11187859,-6.7332993,-3.4588273,-12.43164,-4.7539425,-1.8582939,-0.9661421,4.071763,-9.997804,-2.191701,5.309707,3.441739,-1.6047574,6.9496536,-10.853855,-4.1228156,-13.407805,-6.6344724,-6.954694,-5.4829235,9.441134,3.2890513,-1.8424903,3.9222937,-3.1961648,-0.6937628,-3.606266
107,-9.337533,-12.478265,-4.9874883,-6.9450846,-4.5206857,-0.09262836,-7.6526775,-0.054609794,7.190923,3.0300918,2.0536175,2.7849383,2.9966621,-5.787888,-3.078573,-5.354158,8.015372,-4.5236173,-1.1297677,0.9482593,-6.4332094,-8.052725,1.640741,-12.85535,-6.737273,1.4378873,3.7703917,-11.149749,-1.0989562,-10.55075,-7.6970005,-6.4956975,-6.197135,-2.2994182,-4.101166,2.3141336,3.289926,-0.21283942,1.7270963,-0.1357858,-5.462104,3.0529957,-10.206772,-3.6082613,0.23227867,-16.028942,1.438437,-8.0840025,2.1641576,0.030815672,-2.919437,7.2402296,-6.3347907,-6.1580772,4.920773
108,-6.7414737,-10.47264,-6.916286,1.3682408,-0.63525105,5.1025043,-5.8616095,-1.4418747,5.4109516,-3.868952,-1.9714844,-2.7795599,7.4005065,4.051161,-3.4560072,-1.4863267,0.02504781,1.7180732,-4.8393445,2.14775,6.670586,-6.2402973,1.7283832,-2.5730207,-10.034539,2.7340279,7.2906475,-7.4144945,-7.853061,-1.6598442,-4.134059,0.078889064,0.08560162,-0.1159346,0.9947264,2.5159526,4.3979115,2.790542,-0.81762004,2.9574294,-0.008219515,-1.6463135,-10.521129,-5.466075,-6.9731975,0.79678595,-5.2432957,-6.8602524,6.2686095,1.0978507,3.0030315,6.102228,1.5670635,-18.188816,-2.9761677
109,-4.569366,1.4859772,-0.66818297,-3.4483104,-2.8811872,-1.507663,-6.5510983,5.5809555,6.0902867,-9.422464,-2.4932737,-0.9832364,-0.31846866,-1.2512283,1.6691008,-2.4447536,-1.0229754,4.399334,6.545512,-0.91161156,0.40995795,-4.703874,1.2384111,0.6572632,-4.1465077,1.687459,2.798143,-10.184446,0.6226115,-3.7642555,-9.300635,-0.22640865,-0.35012203,-2.4787054,-3.3104372,-8.011289,14.11157,1.2609457,-9.991234,-3.9283435,-6.431116,-8.423888,-5.8977265,-0.70543724,5.274503,6.2036953,3.6364176,-1.8815398,-12.221374,-10.50701,-3.35578,2.2814147,-4.2047772,-9.42836,-4.350764
110,-4.3301144,-2.1344247,1.6987268,-0.5912838,-0.1844762,2.1296892,-8.34107,-2.650886,1.6480346,-5.586174,4.212744,-5.7518787,4.720842,7.839067,7.5812693,3.5563543,-0.20418115,5.221019,4.5921226,7.53768,2.0602708,8.168939,7.2109556,8.414956,-4.3633866,1.0292885,0.11139402,9.381368,-0.096308656,-1.5642186,-0.94974005,2.5545056,-0.96261734,-0.14130631,1.539849,1.5946088,1.6200625,-0.0118083265,3.0452838,0.29488915,1.2518137,2.4923139,-2.8441198,0.9555185,9.808141,14.46151,-1.1180552,0.22895303,5.080745,8.736426,-6.0834737,0.43939847,-2.6899424,-8.935933,-2.929087
111,-9.4405575,0.054666847,-0.07884691,-4.444291,-5.5999227,-8.147276,-12.958661,-7.6325946,-8.320714,-14.400972,-2.0189373,-19.775724,6.040474,-7.5605183,-6.815723,-5.8527145,-4.336367,-3.2231507,-7.2314773,-2.8811872,-19.157501,-6.5131497,-0.1726933,-10.5316305,-0.04140954,-15.017451,-10.445375,-2.4517128,-4.3738413,-7.3128276,-8.458766,-2.3293777,-5.5694113,0.29272914,-7.7296424,-0.24921475,-2.7736914,-9.151203,-3.9805923,-16.802536,-2.9245327,-3.2159977,-1.3221762,-8.09194,-7.4883475,3.3357694,-3.7306817,-5.1967716,-6.206739,-6.597882,-7.9540396,-2.72149,-8.140513,-4.02167,-3.9414368
112,1.358538,-2.950331,4.3174086,6.3127856,0.7579196,-2.7413316,-2.5901673,-1.8943117,-2.1388056,-3.6587257,-6.361129,-10.61629,1.3194282,-6.023187,-3.5124712,-1.6801529,-1.2374828,-3.565547,-0.5931269,6.812096,-12.2615,0.2746596,-4.3482294,-2.6619937,-5.5673194,-2.7314126,-4.377884,-0.7054944,-1.8113928,1.4203118,-3.0736318,8.296875,1.6207281,2.8810322,-4.102824,-5.7330136,-1.0136862,-2.2255878,-1.422063,-7.071175,0.8454884,2.746087,-6.7734046,-2.89451,4.607116,11.129661,2.534691,-1.0735675,4.9086637,7.02784,-3.6433494,-2.127863,-5.1220207,6.894603,-5.149728
113,-2.8167715,-10.504814,1.6015294,0.9691967,-1.7202836,-7.067594,-7.0584774,-2.1161118,-2.9704084,-4.597852,-5.3483586,-12.854646,1.4424258,-11.172664,-5.906806,-10.958113,-1.1434754,-5.398727,3.3516128,10.0592375,-18.10469,-5.296038,5.183894,-12.988803,-8.409501,-7.1990166,-11.830414,0.093028955,-3.6120186,-5.042941,-6.1250496,0.349569,-0.93907934,0.9015164,-6.4533153,0.66355985,0.4060825,-6.826392,-3.117004,-12.732098,-2.6252484,-3.8714757,-8.178275,-5.655602,1.1419082,6.2852054,5.2815695,-4.977598,7.2907624,-5.9427304,-7.6865783,-2.0223043,-5.2100606,7.1982675,-6.078192
114,-5.8502207,-16.093805,-4.4454985,-7.2748275,-7.070159,-11.428019,-2.7192695,-6.4638367,-11.738249,-13.805312,-2.4732184,-13.675786,3.5419042,-7.2896786,-5.9428363,-16.74813,-6.249735,0.28336447,2.5577698,4.248028,-17.498953,-4.4534936,1.0614088,-11.585419,-6.037636,-8.619946,-12.071331,-5.985554,-2.9775655,-5.618871,-7.8655148,-0.32587478,-4.7802706,-2.7435398,-3.4039774,-2.6771805,-10.086513,-11.376773,-7.810557,-8.697537,-3.996406,-2.8990679,-9.158291,-3.9092617,2.5937035,7.709525,-2.9492226,0.16687776,6.786669,-6.605702,-10.250387,-4.410124,-10.2256155,-5.1796513,-3.079516
115,1.7916381,-0.51964134,-13.6112795,-3.7983375,-6.890614,-10.272637,-6.8532834,-8.895626,-4.589885,-8.081567,-3.4199214,-15.080503,-0.92856324,-15.747646,-9.290047,-9.462107,-2.7542288,-1.0101156,2.2272437,3.4057217,-9.035752,5.2483315,-2.12853,-0.047073394,-4.3073926,-8.334341,-8.674815,-8.901012,1.6377912,-3.3821385,-3.452053,5.2735267,-5.247653,-3.9208026,-4.4751267,2.473009,-3.854964,-8.248628,-8.589218,-11.597833,-2.449398,-1.6568122,-4.1715474,-7.130639,-1.9601914,0.073220044,-3.9958336,7.430342,-2.7790992,-9.119166,-6.8202267,-3.4616673,-5.8847985,-3.2147045,-3.7915828
116,5.572834,16.69291,-3.4472492,4.6110287,1.0843382,-0.80031806,10.93697,5.3677635,0.47391,1.0465282,3.3943608,0.21242628,4.7277136,-5.1929383,2.8509698,7.585172,-4.163447,0.061040502,2.1635373,3.8498971,-4.8940015,-4.639399,5.21391,10.089264,2.4834945,-2.652577,-4.593599,-5.1225324,-0.3523382,4.3383646,5.3363276,1.5596762,0.5058444,2.0555923,-1.844273,10.053233,2.0722988,-3.1980455,-2.5825672,-9.88729,-1.6900698,5.1273246,5.9717345,-3.9436238,6.937712,12.469858,-2.3882477,-0.3907395,-0.62408316,6.549621,0.20074871,-3.4094584,0.4062703,-1.3519899,-1.1915982
117,5.1412416,-0.08941151,-2.4329395,3.180513,4.0493894,-0.35149816,2.8573194,-4.5241127,0.40557492,-3.5652387,5.2327228,-2.0470426,5.2804093,2.1628656,1.5188488,-2.8596618,5.547748,-1.7445823,3.6159432,8.831359,-8.500737,0.18053553,2.9645152,0.6186021,4.0871925,-3.915954,-4.0398192,-4.2966924,4.003661,1.9423531,0.7871333,-1.8290262,-1.2131425,0.282169,2.0775294,-1.377927,-9.457765,-8.967523,-3.4487538,-4.5396943,-0.611008,6.9133916,6.252493,-7.864529,1.8209822,-0.81517917,-6.0350637,6.3241506,6.6011963,7.9518003,4.7944336,-2.7963128,3.7921834,5.103586,-1.642877
118,4.855588,1.4583039,-6.712644,2.963478,5.3654547,-1.5793409,-6.568239,-1.8719649,-2.192238,-10.302945,-5.38802,-0.89363486,3.4005456,-1.0553924,-4.5088696,-8.042444,-3.885758,-0.058313787,-0.26703373,1.167641,-11.035358,-0.9706421,-0.90527874,-0.9382224,-0.53913206,-2.7103846,-4.9024477,-2.3266218,-8.862999,4.44139,1.812535,1.6355327,0.09918768,-0.6897924,2.768573,4.683559,-6.1118507,-3.9781325,-10.754275,1.4309713,-1.4913087,0.14064114,2.7626402,-5.1889687,7.416814,11.179746,-10.641958,4.061284,-11.251777,-0.2772789,2.582816,-3.3433187,-0.70238316,-6.2181396,-6.238728
119,5.01364,-8.179031,-14.97646,0.1162693,1.3226852,-3.596764,-2.1361601,-3.8846893,-4.8432965,-1.3355443,-6.974705,-7.0376415,-9.3506,-1.0708618,-1.3939307,-7.6365657,-1.9618742,2.7311943,3.420418,-0.06738392,-5.174466,-8.714028,1.0907651,-9.67528,-4.620594,-4.4294586,-11.102583,-4.50704,-4.107051,3.5982728,-4.7321315,7.016303,0.28233087,-3.0188577,-1.3498583,-8.999516,-5.191806,-4.6116304,-15.91472,-11.4400625,-3.9896927,-2.6522472,-7.400996,-4.5052347,-3.8147826,4.061674,-3.0355859,-0.047821052,0.6228273,-17.290428,-3.7380247,-3.0181391,-1.5343956,-3.9577103,-7.585916
120,3.4690304,3.0832796,-4.2211933,1.8083822,6.251409,-0.65923893,1.1750551,1.8114882,0.63551396,-2.6023848,-3.2110748,2.3950133,-0.43028846,-4.5412307,-3.5690312,-11.176585,0.47394267,-0.6129956,1.4225639,7.0420594,3.4996343,9.533474,6.883183,-0.6353225,-5.0436416,3.1256208,-5.86479,3.8733056,-1.0722767,5.8304915,-0.3066302,4.751095,4.7979608,3.2232654,5.9597597,1.3964597,1.1950254,1.7308956,-6.8700647,-6.486068,2.740943,0.42217103,-4.128075,2.9150572,6.429899,13.3964205,4.1601043,-0.13954042,12.979692,-6.105005,-1.9750787,-0.2806173,-6.52804,-1.6998386,-2.456882
121,4.153505,-1.0734242,4.431688,1.5662837,2.2480216,3.1282222,2.854374,7.4020658,-0.5780898,-3.1604037,-2.4198785,7.4856114,1.1458822,-3.9882429,2.4060376,3.9798422,-2.177871,6.5818233,0.7695334,6.1437674,16.248898,8.925142,4.246969,1.4928547,5.504778,-0.087815456,-1.1302956,12.068894,5.739763,6.2390776,7.7966604,7.3946886,3.2093058,2.660827,7.513963,2.0549488,6.8189588,2.7525525,-1.3335209,6.363911,-0.37057203,-4.204885,8.482643,7.6300316,2.409439,8.017702,1.9961809,5.6382637,2.2068436,2.1527042,3.0500586,-4.1400685,-1.5929443,7.6316547,-0.6717266
122,9.226894,14.663272,6.8648343,9.375768,7.0423207,3.5495713,-3.1764936,10.069597,7.4316807,5.3919134,3.8251324,4.6177006,3.4308934,1.8100305,1.4069917,12.232941,4.2742715,3.5462613,-1.642476,5.6527667,6.640041,16.551174,5.8628826,7.706123,12.416761,13.59236,5.5696745,1.255421,2.1575456,6.8365927,9.919374,6.982739,8.653912,6.0924816,3.5602293,9.007434,11.985609,8.797532,1.8887991,3.9492939,4.5476904,1.6059917,11.894404,1.8791641,6.0244966,12.638501,7.0022755,8.292739,8.270509,9.7497835,2.228052,-0.32377595,8.786961,14.301925,-0.17789347
123,5.0463614,5.029961,4.4745,1.5963224,2.0213635,3.5141292,-5.9053,2.0746028,-0.48453358,-5.2424746,-5.755691,-5.5841,-2.5367687,4.2798653,-0.9268367,8.062108,1.9711013,-2.700355,0.29618782,1.2952374,3.987865,2.2623534,1.807579,9.086303,5.80442,5.886691,3.2787104,7.9592204,-8.2066345,1.5521257,0.57099074,1.9580029,-1.1775708,-1.9067943,-1.457686,-9.205103,-6.1565194,-0.31729516,-5.857074,-2.9007812,4.0780406,-3.1009188,9.080245,-0.22343943,-2.4183195,-6.4481907,2.2848654,-2.4123452,-3.5127208,17.296074,-5.2768817,-2.8005362,7.7962785,-9.887306,-4.7018485
124,5.4391747,12.42766,11.589076,3.7919807,2.5971487,-0.25791308,-3.885207,6.5512857,-0.27409756,0.26728374,2.7842402,7.003461,-7.3255796,-2.4650564,4.6404915,10.017665,1.6269416,5.046105,0.83321446,3.8064094,13.167013,3.7696788,-1.6879181,9.1156845,11.843656,14.069865,8.434734,-0.7335952,0.9953524,5.360407,2.8216774,7.5294633,2.9919066,5.1031055,0.51429486,1.7107913,3.593877,3.8241177,-4.0440483,8.203415,3.0179927,-4.405921,11.190298,6.459212,0.92039967,4.0936375,2.4788644,-4.4114485,3.6486137,3.573077,4.07945,-0.041432098,1.5627465,-12.508235,-5.561033
125,-2.6100426,5.2158146,-9.5858965,-4.3747983,-1.7811692,-8.192122,1.5315336,1.0930345,-7.179498,-0.16980597,2.861336,-1.8416245,-1.2431787,-12.273773,-2.7163374,7.195156,-3.7839046,-0.64622414,0.11398526,-8.518862,0.22390825,3.5069647,-3.4856462,2.2114983,-0.49120626,-6.802009,3.3772,-12.755185,0.9679281,-2.6725972,-1.8266085,4.3515162,-2.0255325,0.5149706,-1.015631,-6.939663,8.615631,-2.0988472,-9.487676,-4.7044277,6.2779574,-1.4449973,4.272695,-2.5260434,-3.6073725,-7.1918893,-5.123055,5.5284123,-3.257791,-1.4516263,3.9775014,0.831754,8.778834,-7.592143,-8.426184
126,-7.7117124,3.7865722,-10.211691,-7.5658026,-3.276436,-4.1981664,1.4375638,-1.1888602,-6.3771377,2.95529,1.0715423,-6.126534,-1.6076922,1.4256328,-1.4598049,8.394809,4.865999,6.855258,-12.703398,-10.393248,-1.9360168,-6.825714,-1.561984,8.358257,5.6355057,11.216755,8.5202265,-4.0964866,1.2211964,-2.1893547,-6.448456,0.913713,-5.8381643,0.291642,-4.7409186,-2.7835941,5.2917423,4.650162,-1.1757793,-0.22554865,3.9677477,-4.9578133,8.078371,2.9449244,-14.996144,-14.098957,-10.716832,4.9416003,-1.3760706,-0.44443363,8.507381,-0.7102786,4.981236,-17.601976,1.6549058
127,-5.561094,-4.322815,-14.381009,-11.240619,-2.7226179,-1.3910313,-1.0535122,-5.090294,-1.9912937,3.0558183,1.7672166,-9.520337,2.514,-5.3469353,-2.3526254,-0.8555739,0.20968199,-3.4646487,-8.9013815,-10.24905,-4.4148116,-9.892842,0.5283935,-3.399089,7.074316,-9.367157,5.371892,-8.193101,-2.4983895,-3.7847118,-7.67237,-13.276478,-5.95025,-1.3974913,2.9936655,-0.05157936,6.5153103,3.4831953,-0.58651197,-2.4175475,0.14866981,5.6397405,-2.7062213,-4.813289,-19.963194,-14.241318,-4.722063,4.084129,13.677187,-0.3706866,1.6022675,9.435738,10.302744,-3.6736488,0.035696696
128,-2.29721,8.713617,-0.30827263,-6.128998,3.8089821,10.265618,4.253767,1.2318991,12.072627,2.5745788,8.514235,0.6972738,14.394819,2.9346008,-2.4246957,10.560524,7.7089934,-2.5211706,1.9208196,1.5927023,-3.688378,-4.7974524,6.1794925,3.0800753,6.8174458,7.1208186,20.95934,-1.2096947,3.384043,-0.4063529,6.196955,-7.1551185,-5.3608956,0.6790471,4.801093,20.339521,10.151526,5.154961,15.247251,5.1679945,1.2265686,2.0327113,6.4442286,5.0510364,-6.2238536,-5.36953,-4.1275115,1.5318589,13.533399,23.312191,9.968814,11.450787,10.272372,-11.130934,4.52767
129,-15.388773,-12.0689745,-12.571457,-14.736249,-14.176316,-9.333363,-8.3579855,-8.90887,-1.2206594,-8.840431,-1.5362052,2.5183089,-0.008178188,-7.2754464,-9.934472,-10.501524,1.6080465,-0.05568846,-12.4606905,-10.865165,-16.652166,-10.111965,-14.70391,-10.889789,-8.579251,6.7128077,1.1459285,-26.144278,-4.1276593,-13.152619,-12.859508,-20.353226,-12.697162,-6.5554824,-3.7853394,0.79853696,-13.277564,-6.776547,1.108039,-6.2093887,-3.3604608,-6.2095127,-3.6085746,0.99261945,-20.400862,-11.561648,-9.817761,-1.9090538,3.1449924,3.3955295,0.075612225,-0.6902237,-2.7934618,-19.321093,-1.3957715
130,-17.968563,-20.459019,-19.96406,-20.59792,-19.532593,-18.42732,-7.3076,-14.331014,-15.605344,-5.2726207,-3.0903115,-14.789407,-9.096087,-17.565353,-10.896108,-22.289024,-8.295191,-5.6171913,-12.497482,-9.622076,-24.431469,-11.633742,-7.0090437,-22.532589,-14.547871,-9.000026,-5.716988,-12.552127,-0.5803896,-19.006664,-6.088102,-15.141577,-16.926802,-9.209191,-10.7445,-2.1820102,-9.534918,-9.685393,6.5491614,-6.685716,-6.57476,-9.190171,-10.807605,-2.2108152,-24.92893,-13.92684,-5.940885,-2.3752391,-4.3187714,-15.589186,-9.825826,-5.0047083,-15.493417,-15.4759655,-0.23698719
131,-24.528074,-25.585205,-24.496878,-23.04941,-25.908007,-23.251307,-17.60655,-28.47683,-28.76987,-10.158169,-5.83309,-17.788193,-19.5877,-15.091995,-19.863445,-31.920479,0.38018548,-11.659691,-11.002464,-16.581484,-23.594742,-14.984012,-6.31753,-24.006699,-12.022969,-20.15689,-15.97377,-12.599283,-4.930441,-20.450798,-19.594212,-22.855257,-14.240751,-14.579876,-15.334725,-12.436216,-39.088448,-19.862967,1.1419089,-4.976641,-0.49811187,-8.162902,-15.495746,-11.67968,-20.743986,-19.812584,-15.561555,-5.7679563,-6.1688027,-20.63804,-9.745922,-16.36248,-20.055946,-14.814099,-8.250069
132,-21.264887,-21.09564,-17.01956,-22.553383,-24.938541,-21.932392,-14.576593,-22.15202,-27.00699,-16.388655,-2.083291,-18.003805,-17.08137,-16.7776,-14.214204,-22.779404,-5.664125,0.9961952,-14.444301,-21.769188,-19.5744,-14.310938,-19.287027,-21.90878,-14.168071,-11.357996,-13.313113,-10.484309,-5.54231,-16.009384,-7.173707,-22.508537,-15.072561,-11.318927,-12.738748,2.0692244,-28.582851,-18.117937,10.883037,2.4277434,-8.07147,-16.253696,-11.667061,-7.5419855,-20.46962,-25.11358,-9.50633,-5.977469,-10.4337225,-31.156677,-4.605854,-8.14837,-20.356804,-14.5286045,1.9916769
133,-24.149538,-14.644129,-22.556202,-28.304485,-28.3114,-21.307825,-13.847953,-22.970346,-32.08598,-6.200692,-6.603282,-24.573793,-18.799908,-25.224102,-21.961042,-23.90166,-6.099956,-9.507071,-9.397463,-23.020554,-24.169653,-18.27431,-9.323827,-20.872938,-12.134553,-4.52459,-16.179966,-8.889605,-3.8509347,-20.337393,-10.469975,-19.132845,-18.851545,-13.150834,-16.46056,-3.574571,-29.002668,-16.957478,4.2614713,-2.4494686,-10.402456,-14.788857,-13.5360155,-4.078208,-17.097786,-25.05888,-17.42433,-12.067521,-4.447227,-36.452892,-4.9340386,-12.961196,-28.549929,-3.0234797,2.3402183
134,-24.183607,-14.403183,-17.308426,-25.878695,-27.436321,-23.004824,-8.688459,-27.170576,-40.168816,-14.888649,-5.1225624,-27.038116,-19.513048,-17.976528,-20.133038,-27.264503,-3.6247854,-9.17045,-21.496883,-23.154999,-21.701223,-22.240042,-8.507446,-26.154535,-10.30734,-21.33675,-19.76838,-24.760536,-6.7791214,-18.810415,-17.854197,-28.068714,-16.141489,-11.151924,-12.030233,-6.5510745,-42.78197,-21.58027,1.496094,-0.47514218,-5.3112416,-11.47016,-16.311249,-6.611612,-39.318962,-22.665432,-25.379797,-14.729487,-11.397083,-44.168125,-11.44367,-19.136711,-28.091778,-15.802851,-4.760032
135,-16.996405,-17.908213,-13.804229,-14.608008,-15.383706,-14.638126,-1.1231527,-16.038227,-17.970066,-4.9860563,-2.366975,-3.473358,-11.33834,-12.997279,-12.161191,-12.768554,1.4213552,-2.6311243,-13.310756,-14.136775,-16.950783,-14.016276,3.6450062,-15.632735,-8.414047,-2.5401294,-12.278354,-8.013362,-2.041937,-12.021774,-1.3494909,-6.104526,-10.392339,-7.52246,-9.744184,1.6416072,-19.230837,-9.818342,6.419218,6.355101,-0.5627722,-9.7466755,-7.6992755,-3.4730587,-13.590132,-22.292227,-9.177582,-11.366586,-1.1896173,-27.356258,-4.4851427,-8.028145,-20.665285,-10.624074,5.686858
136,-12.262275,-9.871603,-14.484066,-15.733735,-20.286278,-15.322552,-11.823292,-16.104462,-15.65245,-16.541887,-9.758512,-19.57096,-11.530487,-10.392236,-18.464514,-17.638294,-0.60718966,-5.891922,-17.073294,-18.187874,-13.157541,-12.762157,-7.00609,-17.535652,-10.393316,-7.336103,-16.543339,-9.463689,-9.1026,-13.046302,-1.0176944,-16.38339,-9.545253,-8.409641,-10.780505,-4.533855,-27.26347,-11.700282,-1.1118479,-4.072952,-6.5876527,-7.2824593,-7.500085,-4.4327426,-18.495844,-30.936642,-18.61205,-9.390818,-3.6305575,-22.771492,-7.4739547,-7.4071746,-21.724743,-7.145374,-1.2422813
137,-12.635722,-2.6418421,-25.413263,-18.105959,-23.593256,-19.936548,-5.483544,-22.814816,-23.862938,-20.260405,-8.646323,-15.8187685,-14.829559,-14.0146675,-17.275019,-18.51636,-6.6469855,2.6520925,-17.474642,-30.00729,-12.436261,-12.150034,-7.5011325,-11.828277,-8.21637,-10.712154,-16.625715,-16.10922,-8.126722,-15.411394,-6.218853,-15.474845,-10.979462,-14.029094,-12.290009,-6.30725,-34.86615,-11.600488,-7.1391845,0.20608035,-8.881807,-15.001893,-14.285324,-1.804678,-28.09075,-32.238567,-18.269114,-12.943728,-17.952604,-39.356953,-14.426819,-11.808227,-22.801014,-22.92227,0.14326711
138,-6.2252417,0.5846854,-14.515313,-9.070976,-10.081387,-7.0284038,0.41025603,-10.872618,-10.063614,0.46045622,-2.724334,-9.673399,-12.24614,-7.1617846,-2.3505125,-14.396158,-2.4626963,-3.4013135,-12.52387,-15.387899,-13.817071,-11.506913,-2.326449,-9.737542,-3.1002011,-8.130349,-4.8402276,-8.179584,-5.9258513,-4.7911663,-7.3898273,-11.400014,-5.6912165,-6.682278,-7.665887,-15.730285,-10.718782,-5.180008,-4.8545833,-5.5219607,0.9404858,0.40985993,-5.3363185,-4.036521,-15.000601,-14.055096,-14.142439,-0.28702357,7.400892,-10.797963,0.7559711,-6.926909,-6.863172,-7.1741843,0.37237588
139,-11.060209,-9.218562,-15.018528,-14.949574,-18.244606,-20.510366,-14.186046,-12.798149,-14.485138,-6.3301325,-9.625793,-20.959932,-18.311047,-15.4094715,-15.266614,-19.744282,-2.8611486,-3.722876,-9.786008,-10.783976,-22.804632,-23.386063,-4.833605,-18.634722,-9.693472,-10.122726,-19.07264,-16.482243,-8.629569,-8.941573,-4.292225,-10.5594,-12.444165,-10.295665,-10.051951,-15.314211,-25.113756,-17.150642,-13.973255,-9.6715355,-5.064825,-10.722253,-10.368733,-3.895384,-18.89965,-13.684828,-15.1418705,-11.530076,-4.2936673,-26.959364,-6.004093,-14.678979,-19.24031,-8.866153,-9.428344
140,-3.792395,-13.720586,-8.595653,-9.236411,-9.806414,-12.759473,-7.4030814,-12.575647,-19.4389,3.6697989,-7.124331,-11.079647,-11.506717,-12.3437395,-9.912936,-18.709625,-1.617318,-4.2751646,2.0444255,-9.23452,-16.445389,-13.7495365,-7.9204497,-16.69312,-5.7608566,-12.183659,-16.807047,-1.6260704,-11.641176,-5.2276173,-10.323517,-10.397528,-9.2289915,-6.9347982,-8.232839,-11.524252,-20.55583,-9.580471,-3.7935102,-11.732756,1.1774107,1.4656566,-11.192915,-5.3989615,-4.0214663,-4.269988,-9.865594,2.4782124,2.1756856,-10.705412,-4.2289023,-5.3154078,-11.084073,-3.7281027,-2.9342327
141,-1.5531065,-18.97255,-1.8714354,-8.413046,-5.497725,-8.68847,-9.074409,-7.7327332,-10.123488,-15.533364,-6.1435275,-15.574982,-8.227279,-5.71464,-12.099957,-15.131681,-1.7262651,0.7036032,-4.34162,-1.0957826,-2.7889075,-6.18259,-2.208807,-12.269546,-5.514361,-6.205935,-12.7838745,-2.8474636,-4.7849607,-0.5031781,-6.758846,-2.1745062,-6.0048556,-5.3933377,-7.8955398,-13.002462,-18.242735,-13.401803,-8.375064,-6.887998,2.2851954,-1.5357282,-8.962906,-4.5897875,1.4768463,1.9472021,-4.3088613,2.9683087,-13.944083,-2.795338,-7.386782,-6.5646124,-9.66626,-8.47642,-9.133906
142,4.3145123,-0.5311157,2.7215612,0.2409941,-1.7982183,-3.2438138,-9.311198,-1.1771504,-13.011863,-7.421591,-5.036794,-10.623523,-8.286256,-4.2071977,-2.046539,-7.9209175,-1.0192497,6.6081896,3.9327796,-0.51120764,-3.8072994,1.8381891,4.5998282,-6.2991714,0.44196048,-12.432306,-3.2213798,-5.431896,-1.3356175,4.332742,-9.363195,9.289268,0.032496024,0.555834,-2.2799017,-1.6143005,-4.5626616,-6.195565,-7.704329,-1.2564894,-2.2061982,-1.029813,-4.8602567,-3.0084398,13.436526,4.4928646,0.8378043,6.5930204,-5.5862784,-14.413664,-6.989782,-4.232025,-6.434726,-11.357722,-6.140375
143,5.383538,-2.6852255,5.796046,5.5706763,4.0364285,0.6568373,0.49684146,2.7991946,-10.851287,-3.444199,1.0400878,-4.170132,3.853547,-3.4505906,-2.9953063,-2.7568996,1.5907948,-3.6899884,5.181309,15.140485,-5.7438893,11.666714,7.687943,-0.29729915,0.454415,-8.284227,0.33477947,7.1598306,1.2557501,5.935671,-2.6329927,6.221638,5.510434,3.4701128,2.0604036,-1.5863657,-4.082479,-3.7256749,-7.6680017,-2.349176,4.5544095,6.0150332,-1.809021,-3.508467,6.6426787,16.303493,2.925093,4.1876335,13.5795145,3.8921945,-4.1548486,0.033969685,6.168538,-9.503763,-8.729815
144,6.4722977,-3.0475514,12.735837,5.6700587,5.258951,4.1215854,1.8740516,4.8168573,6.9793663,13.583368,8.230506,6.7630754,2.4274113,0.09737249,4.681161,4.9324193,1.2557598,2.9021974,7.0656343,11.5464115,2.5554006,6.164834,-1.0091031,1.0978369,3.950666,1.8686228,2.8608036,-0.69211286,1.4374633,7.4234166,0.1818447,8.477408,5.1388807,8.760832,7.4139113,6.174205,7.9541655,1.4858959,1.158091,-5.5788574,2.442981,4.510875,2.0531862,-2.5983167,6.531442,6.9699025,-0.18899563,4.3031106,6.163487,10.959794,5.9206805,2.0077794,8.555454,3.3719304,-3.688934
145,4.9916267,3.2426734,4.6150084,3.1767201,8.894823,5.818889,-2.4618316,7.44356,10.373567,4.3677206,5.1226826,3.4356346,12.348329,-0.6459483,3.4856524,-0.47116858,0.6008717,-0.3809813,4.706106,5.4133863,-7.800187,10.597242,1.2109249,-6.935285,3.3023465,5.773931,7.4115715,1.3027229,-0.3533778,4.5328994,0.85124844,11.514588,3.5359955,9.287909,5.5377183,7.9862146,9.9333725,2.1085825,-0.2663209,-9.208901,-0.93191725,9.3941765,5.347274,-3.5279946,3.4547281,10.285124,2.3746557,2.2883914,5.319551,9.112516,0.40803075,5.083353,6.8528714,-7.680075,-3.4078312
146,4.7088532,3.6972392,0.1738625,5.090741,4.4580803,2.663201,-2.1323116,4.688309,11.378276,7.8538313,2.341478,1.6525406,6.7810106,-1.3809382,3.195356,-1.2102575,4.910512,-1.1888776,0.7213966,6.8237,4.1036735,2.7704406,-0.21786043,3.1139536,-1.7518694,0.14189625,-1.2308315,1.7526139,2.415709,3.0242949,-2.057409,14.175187,2.684265,4.731455,6.3493514,6.6838064,3.2339087,3.6217072,-4.257014,-3.7712839,3.815737,12.080083,4.0362267,-0.9738188,7.9344425,7.6140056,3.9437935,2.0762553,13.078732,8.990928,5.372912,9.016893,8.155187,3.3195467,-5.9607296
147,3.6073203,-2.937095,1.319531,3.865006,6.11952,5.9780216,-6.3987484,5.001833,8.54939,1.5996495,1.224536,0.050833214,11.048721,5.2089252,5.831362,-4.2968497,-1.0274712,-1.0871055,9.511718,2.703459,3.7824488,0.058598783,1.001527,-2.734184,-0.77389157,-0.8122922,3.167908,-0.5525083,-3.9823928,-0.18865342,-3.490841,7.667336,-0.2325835,2.2379777,4.712108,1.3478658,12.922806,5.714325,-0.61017025,-1.2184258,-3.413969,4.6190147,-0.087460004,-2.0140934,3.0055327,8.163322,5.5441084,4.373526,3.6679173,-4.205249,-1.2255235,5.7700257,6.652971,2.4247358,-9.294074
148,-1.5524229,-3.739502,-4.427751,0.4635014,5.5381045,2.8922884,0.2824506,-0.69760436,10.424225,-5.927355,-3.6054022,13.581311,5.6436496,7.5045996,3.201038,-3.352979,2.091395,1.2441319,-4.933613,5.37334,5.543379,-6.582253,5.6171875,0.913063,-5.5504327,-3.66834,0.9595625,-0.1279702,-2.3139832,-3.9343388,2.859187,4.216995,-1.3566182,-0.646514,2.4071035,-5.4260073,-5.8289537,-0.49834228,-1.6286768,-4.156258,2.7229574,7.4013567,2.5475428,-1.336069,4.9559255,-2.5620387,-1.8045417,6.036491,-7.7530923,-2.3766668,1.4446213,-4.8153076,4.895002,6.3651867,-5.5514297
149,-0.0721872,-0.41540536,-5.8620396,-0.35394928,4.2180705,-2.7379158,-13.554521,4.5209928,6.2246714,6.2334204,-2.1125073,3.6719437,-0.2666438,-7.3199754,6.0383654,-6.528492,-2.6798234,3.4560614,-0.2200561,3.7910695,5.8439407,-7.615196,1.6554888,1.2578287,-1.5443372,-3.1604216,0.2292454,2.8207335,-3.365996,-3.2643554,-8.900092,2.5065355,-0.59309286,-0.7737746,-1.7139604,-5.206159,4.7656717,-1.6730205,0.7875353,3.9858813,-4.949418,-1.4038255,-3.4625287,-6.662453,1.9366491,-0.37195492,4.6901917,-3.5375423,-6.3774204,-3.918677,-8.120685,0.037419852,-4.657749,-6.018137,-3.1332557
150,-0.3529629,-1.9273388,1.123563,-1.6961759,3.5336692,3.4532325,-0.56053823,3.6865275,-2.7679715,-4.8322124,-1.9977117,8.819777,1.6496247,2.5540543,2.4606295,-3.5946093,-2.362249,1.2620994,-2.8537579,2.9027429,-3.151334,-1.3812689,-11.009986,-3.9198873,1.3310301,-1.8963118,5.1978507,-5.7866673,-0.8479307,-1.7112334,5.9244576,-0.2634634,0.18699,-1.231154,4.1998577,-12.255013,-4.2569046,-2.5428188,-3.207042,1.8761601,4.223262,-2.9407008,-0.0152648315,2.7350502,3.440698,4.8239684,0.44810677,6.50137,-2.3474438,-8.2856655,-2.893831,-4.3286476,-1.4724836,3.3712234,-1.7085171
151,4.654248,3.3053637,6.75595,2.68936,5.033614,3.3593898,-5.23557,1.6106408,-0.65202016,5.379611,-1.7599165,-2.8767436,-0.074279085,-2.0502858,1.8043171,2.1171367,2.6751812,-0.85390294,8.300487,12.3880005,4.001571,5.3789907,4.8526206,2.6471038,8.199712,3.9430242,6.011971,19.003805,1.2713786,-1.04424,9.569377,2.8400774,0.8043376,1.3755919,-3.1149774,-0.9602506,0.49486265,-0.012041719,6.212258,-1.9555842,1.6991631,-1.2813452,6.024972,-2.0174398,14.462991,11.975622,5.1621637,5.777734,-7.0540295,-0.24814096,-1.2847934,-2.6170309,0.1052923,0.09301204,-4.05227
152,7.78978,11.636152,17.280304,11.875469,10.356361,10.285193,4.469518,14.12015,8.675983,6.5406866,6.907051,6.3831363,9.283226,12.143179,2.2146714,16.973228,7.3988304,1.8076335,10.236193,22.099163,13.065802,21.050524,6.183169,16.789719,13.640131,0.5741017,9.146773,25.411758,9.72624,7.894885,5.286279,5.516194,7.496423,6.9497886,9.094822,1.2063906,11.393811,5.235199,4.075884,2.0034475,6.0768538,10.102375,9.343991,-0.7351006,11.709446,18.213915,9.778196,14.499568,7.676702,12.592881,-1.4054357,5.75406,7.6230445,16.733252,1.8871214
153,5.794546,14.702125,20.971264,8.478152,10.943361,7.5124164,8.873981,11.982854,12.244292,12.192099,6.5097313,12.981307,10.468153,8.244558,4.5888157,20.525301,-2.7204776,-3.1867912,12.028692,21.80088,12.424445,16.96784,12.718866,10.931215,13.3037815,17.29274,14.955454,12.460313,7.5927467,5.7210264,9.744556,11.486775,8.757527,5.2370963,6.545672,7.7687755,15.357014,8.316657,3.7259705,6.0708904,4.745866,-2.2252223,10.445474,8.661963,23.849277,23.718376,12.027764,15.625838,12.041674,25.006397,6.363439,7.6125417,11.890767,23.92929,6.99041
154,2.4266732,14.854407,12.1071825,7.106113,9.038191,6.191098,12.787844,12.4988575,13.223502,6.388094,4.276384,9.222129,9.280826,9.91745,2.5519161,15.9001255,6.9091797,2.105324,4.0625777,14.749799,13.72923,11.572936,8.762977,9.05053,10.33344,12.799735,16.659458,5.068533,5.969351,0.49213386,7.7742176,4.639485,3.892806,5.4803004,6.2387056,7.2659497,19.919296,9.163439,1.8028116,8.480541,0.7706647,0.8517096,6.5600524,3.9826427,0.27085054,18.340517,6.2446,8.305601,5.8821044,15.669652,10.094204,4.0002246,17.152105,5.8221006,6.803854
155,0.80492586,5.726873,4.936026,4.596945,4.0304093,3.9843273,1.6725184,11.691212,0.7361597,-1.5648006,1.1132895,13.532793,1.7744697,1.847858,0.4447379,14.973548,-2.2062368,5.796798,-3.3608031,2.292366,6.8013477,0.7420284,-4.714409,4.9995003,6.780092,9.051632,13.177711,-0.968932,-2.0149484,1.3632749,1.7258135,2.580502,1.691532,0.37314445,0.7076381,6.4400754,12.71671,11.931989,-2.3752606,12.012614,0.93488437,-4.943389,1.2768719,7.1397133,6.4665747,6.3135524,4.050159,-1.6472536,0.59434354,11.923572,2.08432,2.8468232,7.547215,-8.98107,-0.7228233
156,6.7061763,10.865599,5.447182,8.851141,8.386576,6.6610456,0.8885064,14.581429,9.339129,10.524904,-0.105724625,11.202876,5.6656623,3.677081,4.5136514,15.548322,1.2669057,7.2454677,3.2064264,5.0034566,17.362612,4.198021,-0.3175473,8.681165,6.2901597,9.709298,16.137201,-0.041458413,-4.2783313,6.514082,2.70133,-1.0526551,5.382874,4.93567,5.0790873,1.3016611,24.677603,14.621335,-0.7039382,11.330621,-1.4371405,-1.3475355,2.6167128,5.540787,7.8097725,5.713427,6.543093,6.5074487,3.5633771,1.7288904,8.349273,4.9058423,18.616823,0.061421838,0.5027417
157,9.012045,20.928205,6.349061,9.670932,7.9528875,4.4435773,1.0872352,10.75221,7.84821,3.962661,-1.2046517,10.901296,0.9215219,4.205002,0.57461655,8.56446,-2.063548,4.6028957,1.4654384,7.7106733,10.047291,4.0129685,-5.8293495,4.035188,8.518087,8.022509,11.801258,16.96583,-1.2069523,9.3294735,11.345728,8.588198,4.835905,5.8230805,2.9753041,-2.82274,11.968081,10.67295,-4.233076,-2.5487304,6.684788,4.830679,5.5618305,7.892379,13.848176,9.944228,4.186892,6.453124,2.0597456,17.26975,7.5003023,9.65944,7.919975,1.8627708,1.9325043
158,14.748937,22.14283,16.195034,15.031668,11.805287,10.1460085,11.745052,21.841406,16.332733,11.038011,4.1507154,12.644352,7.785836,8.742591,11.037175,17.64837,6.9616656,4.454448,18.000553,14.922918,15.066257,10.7190695,2.9075477,12.234601,16.55286,8.387724,10.263522,8.575944,5.2883983,10.182789,10.773519,10.589437,11.6531725,9.041505,4.2482843,7.38414,26.69801,13.916189,4.2696285,-2.2437108,2.2606413,6.0427628,11.626485,8.374188,15.849233,24.04276,20.43935,6.33663,4.306592,28.254103,11.127832,5.3912244,17.913395,12.202657,-0.9439527
159,9.160615,11.844394,10.594223,13.335962,8.18882,6.6602907,7.4437623,11.675635,11.522113,1.9208509,3.051378,6.131457,3.3999193,2.5182407,3.6769924,7.438608,4.628177,-2.3971744,15.443485,15.360739,2.8788242,7.86702,4.6391296,2.9248428,7.7298627,4.6289983,6.8297224,11.322577,0.12378307,7.1834736,2.1049027,9.344906,6.9925923,4.4442596,1.4228922,5.514684,14.247011,6.08145,3.9968169,2.0561786,2.696544,11.306227,9.706534,-2.1339645,12.172081,15.473823,7.4741015,4.1614027,-0.20146383,13.5965395,11.378301,6.8581257,11.853394,7.423776,0.8190915
160,4.8741107,5.4588475,15.952396,6.864165,6.065875,6.7900953,3.7411318,14.020687,10.312897,5.3868985,4.2850337,10.2181835,7.38495,10.266044,9.613483,-0.97529155,4.8025956,3.4493983,6.533114,14.03352,3.0285568,4.50509,1.4987812,4.9668846,2.9062357,5.522448,12.610678,3.8629882,0.8530215,2.8391156,5.053799,10.685016,4.0672007,4.49968,7.717616,1.5390316,14.264233,6.421172,1.610431,11.441208,0.79830295,2.499853,2.5594182,0.15455909,6.4968414,18.543472,7.1632495,2.9066548,-0.77884364,16.163809,3.3604608,4.89126,7.9648643,1.235197,0.19028835
161,-7.825952,-4.959373,-7.0730944,-3.7725546,1.5925285,4.4329805,4.658468,-6.291145,3.6114366,-2.6952589,-2.7042313,8.413588,2.9741924,4.174514,2.4386528,-2.9784954,-0.2410787,-0.9983022,-6.4839926,-4.7724633,-5.3387876,-3.4659388,0.8761145,-4.386329,-3.1165738,5.9872074,8.568386,-4.5781198,-6.4225082,-10.2205305,-3.916258,7.1268163,-3.0001116,-0.3142852,1.981425,-4.7560654,-5.3411274,-0.37123704,-7.4444838,7.833728,0.31136352,1.3295356,-4.126983,2.7552722,-3.6672347,-4.716455,-8.426482,-10.681815,-5.433251,-3.024632,8.6382065,3.2340162,2.0693414,-14.138682,-2.0567555
162,-19.077848,-2.6710882,-15.677703,-9.149358,-4.2468734,3.4800944,-2.0889618,-14.68946,2.4855542,9.027443,-0.2799313,4.8569045,8.688495,0.68097186,2.9018152,-7.007729,7.489464,3.0928607,-18.561226,-7.563078,-15.672198,-6.3300347,3.112903,-6.588629,-10.389495,1.459767,7.2328615,-9.787251,-6.1147346,-16.861618,-8.892025,-11.621267,-10.855041,-4.9012427,-0.760319,0.44549787,-4.669807,-2.7160025,-4.4828815,0.59198344,0.48131645,2.7001417,-5.8520775,3.7207022,-14.600962,-10.837224,-14.348326,-4.116488,6.5554404,-3.9252036,4.0577574,6.722155,-1.5233881,0.9526103,-6.0501013
163,-24.287266,-9.105203,-28.261591,-19.156662,-15.147659,-2.1999536,1.5225775,-23.567099,-2.6168127,-0.13994972,-5.850517,1.3374761,-3.59226,-1.4293153,-4.9167,-5.8521395,-2.8828661,-0.21712399,-8.267818,-16.572735,-12.8988495,-25.454117,-1.8011279,-4.1790366,-9.535666,-0.9791038,-0.5780121,-9.168977,-5.9143133,-20.798683,-5.434718,-21.092546,-16.975456,-16.132448,1.3472453,-12.209231,-29.661379,-8.89542,-10.732991,-6.6045823,-0.6307349,1.046082,-2.6905265,-2.0548427,-21.923748,-25.112131,-23.560877,-10.264957,-6.791082,-15.495013,-2.990278,-1.5400923,-5.2746058,-7.0238056,-4.8292537
164,-20.578184,2.4453554,-20.651407,-14.119469,-10.683362,2.221747,2.847934,-18.806257,1.6355547,9.085838,1.045455,2.073759,4.4914427,-0.9391279,0.79549474,-8.467768,1.4696662,-2.4138105,-18.123331,-11.645509,-12.528711,-21.625717,-6.1040406,-0.65665877,-11.432315,-5.1242228,1.0727348,-8.267569,-4.702103,-16.201164,-7.9351044,-21.894947,-10.94679,-10.468969,1.3310484,1.9894943,-15.147728,-6.089003,-0.6352788,9.83865,-2.886447,-2.6303294,-0.19416589,-0.88289046,-17.239452,-20.85537,-12.67647,-4.637025,3.5921528,-8.427323,5.5952835,7.274048,-5.7104077,-2.109783,-6.2946954
165,-16.815634,-7.519853,-25.494986,-14.572688,-6.889682,7.2968936,2.6395173,-16.891867,5.351857,0.008260334,1.0352517,8.813555,6.930153,7.316832,1.3292761,-6.7373734,1.4095985,2.56972,-6.682098,-9.386708,-8.813742,-18.061823,-3.2385511,-0.25305194,-4.6730876,-0.7292569,-0.95155704,2.9290397,3.7521935,-13.003365,-1.306639,-23.80898,-11.847673,-9.854421,4.6744256,-6.7224274,-19.32674,-3.4754844,-6.0500417,4.5913877,1.8632385,-0.22761105,-4.5506463,6.811698,-14.169611,-11.665193,-16.06158,-4.7435207,6.0877013,-6.9632545,-0.5271861,7.8826423,-2.6938727,4.0864816,-3.752738
166,-10.154543,-7.969682,-16.721962,-3.7321472,0.4224998,6.2349863,3.468814,-8.456119,9.48176,1.691609,3.8228,0.8028346,10.881185,2.6996858,1.7347747,0.08775361,4.195077,8.263881,-0.18391448,-4.0476274,1.6377081,-12.97862,-3.2010741,2.9334083,-2.682539,3.1378708,2.351505,4.8895206,7.18285,-7.046809,-2.8418229,-15.092019,-6.2984066,-3.7361443,4.5605497,2.9055393,-6.476342,4.258072,7.7861867,-0.24142426,-0.19172317,6.2853913,-0.3219344,-0.07807611,-4.862673,-8.675759,-2.7814777,2.9400177,10.032449,-0.5011655,1.0580317,8.281125,1.2383653,8.007036,-2.4999783
167,-2.656346,-10.090208,-13.6671915,-3.0278394,-0.7869003,7.410469,-2.1140113,-6.792246,6.82143,-1.9140017,-0.9309885,-1.5526111,7.0523834,11.531784,6.871,-6.746635,1.9069958,-0.3900025,3.8622823,-7.4737725,4.6161695,-8.868032,-1.9926114,5.231357,-1.4477448,-1.5014102,-0.6515377,2.0390499,2.2792952,-5.986344,-8.766077,-10.131893,-3.0285485,-4.819687,9.618944,-7.232618,-8.253677,-2.1379976,-0.8131973,1.1907743,4.7493353,5.2582407,-7.0984488,1.3457422,-3.4944313,1.8066682,-5.416797,5.1104426,2.009454,-1.2100573,-1.4981257,11.327977,0.56798583,4.1334467,3.0139008
168,-1.2394791,-8.164044,1.2973474,-0.43820444,1.1980039,4.2353716,5.0691333,-3.5695207,3.1599472,2.0663197,4.8885183,4.849393,-3.111887,2.4993684,2.5809877,-6.2166066,6.266437,-2.7463377,5.079074,0.43846485,4.467091,-10.1491375,-0.6488656,-9.232007,-8.494039,-2.143294,-1.9112607,1.5684451,4.8848677,-1.6118495,1.7854878,1.0638654,-2.43932,-0.26331365,3.7529397,1.4026119,-3.4684572,-0.27725706,7.852373,4.719414,2.0422888,3.3985257,-0.31600305,3.3553486,1.9883418,1.1927896,2.3281696,-11.128978,-11.992383,-6.830197,-3.900117,4.5586944,-5.6734033,-6.3502316,-1.204959
169,2.5945795,-19.477905,-0.39514723,0.71959615,0.36255035,2.9846106,-10.206416,0.10015982,2.0824614,0.2660279,-0.68951356,5.026892,0.5613073,5.045151,0.10499323,-17.697498,3.2792296,-0.3953938,8.057131,3.862937,0.81241536,-3.855245,-1.8722018,-4.7527857,-10.708807,3.3476543,-5.0359674,8.09992,3.225008,0.0741409,-6.441472,-0.33932236,0.4539988,0.43734577,4.2991257,-3.732487,-2.9608252,2.7981162,-1.9173744,6.1493893,3.1014924,4.8139753,-5.104708,-4.789928,-9.832476,2.197307,4.070206,5.47938,-6.9883347,-22.046148,-8.399603,0.12189723,-11.316596,0.81929266,-1.2182431
170,2.4267545,-5.387647,9.231832,-0.62266654,-4.0623574,-5.5351014,6.0274158,-0.5059857,-3.1807096,-1.3301008,-3.1684418,-3.957162,-8.703102,-8.339232,-3.2665038,-15.461041,1.5276024,-2.6098032,-1.0908487,2.5123532,4.3477306,-4.4253345,9.941857,-9.253736,-2.335209,0.5822308,-11.97027,12.438802,0.09032585,2.474725,-4.036116,5.2482624,0.26398724,-0.4594679,-2.9105418,-4.651055,1.4517329,0.5079114,2.8579175,3.2596931,1.2535524,-4.2563787,-6.759176,-1.237094,4.664029,3.3160133,9.139057,0.50049126,-8.379843,-15.207054,-10.249391,-10.970721,-17.382685,14.016655,0.94874334
171,8.486887,-10.009524,10.865274,6.370428,1.9897747,3.458053,-2.1129057,8.372456,6.026398,-3.2014096,-3.5337474,-0.069499224,1.2944736,2.55571,4.8505735,-2.2625918,-1.4608595,3.6466024,5.2751327,6.112828,6.003185,2.2285671,-13.489657,3.0009916,-0.5629226,3.834466,-0.4616876,-5.722034,-1.4678311,7.1577053,-9.3572035,1.6174046,3.7429497,0.97169596,0.37337536,-4.4540534,5.496454,7.5738873,-2.1083229,3.928832,0.25659105,-4.6348076,-7.5711017,-3.3914592,1.4021463,9.879837,9.887341,4.6084604,-9.084293,-19.793343,-7.4937587,0.31760567,-4.4677567,8.091596,5.1530423
172,12.45221,-4.429138,12.670356,6.17335,3.8904636,-1.9670508,2.9252913,10.890601,5.4759755,7.4783506,-2.8587465,0.0009277304,0.2230459,-4.500725,-2.5191398,-4.0829663,3.4033241,-9.874692,11.049593,9.838807,3.7821362,0.15864214,1.6102824,-2.4160817,-0.45171553,7.544312,2.364276,11.547047,-0.73994434,7.960347,2.8300529,11.203663,5.436137,3.736001,-1.0127496,-1.6910002,12.102031,8.2420845,-1.0526792,-4.0702505,3.1969218,6.3125906,-0.17918207,-7.4895635,4.714594,9.256266,13.384959,2.74871,7.1955967,1.413215,0.6581888,3.0129094,-3.3206694,17.461382,-0.15389192
173,13.939274,4.1910934,20.75443,8.645249,2.132127,3.0224135,-5.3544817,12.695709,10.293714,1.0101972,-0.24242564,0.97677517,-1.8608019,1.5590484,5.768719,13.537651,-4.0578613,-7.0808897,3.2856991,14.15967,11.17135,3.1504095,-0.97123986,7.689287,13.1567955,1.4281782,1.2076461,4.828064,3.6995468,9.721456,5.067137,-3.673943,7.832817,6.4435997,1.6731688,-9.765027,18.448822,7.2131095,-5.1743746,4.544835,2.2764595,5.924818,5.460891,-7.13243,12.065585,0.6415354,11.99163,9.836393,2.4409761,15.592733,0.31216484,0.082471274,2.0081596,3.8714633,5.441858
174,6.618941,2.369645,5.322097,1.6387678,-3.6932137,-6.804104,-1.7591375,4.5667944,-3.091207,-0.28929177,-6.11183,-6.3530526,-7.895925,-7.170448,-2.5357087,15.103978,2.6401172,-6.270734,6.131251,-3.1605902,7.276416,-1.2392863,-7.1780996,2.461114,8.855106,1.647182,-1.9070145,-6.759286,-5.160115,5.715243,10.46043,9.780768,4.5670257,0.30668887,-8.422406,-10.731239,7.754352,4.9092674,-5.685135,5.2144256,2.3553002,6.3944764,7.7147293,-1.7333642,8.925455,-2.1050677,7.3877716,-4.7620425,-7.06628,14.123628,-0.47533652,-1.8123695,-3.1498713,0.5024366,-0.6247721
175,7.970419,14.533392,12.267742,5.774759,2.4673557,-4.6901793,-2.2245224,12.907793,2.1815572,0.88681793,-3.3504462,-3.501452,-2.5585163,-1.1632967,0.21197264,20.553577,6.419292,-2.7891755,1.9007899,4.855607,12.854119,-1.5231029,3.2760801,15.139668,12.82423,-1.8954127,1.2272364,-12.476064,-3.8167982,6.505127,3.4564035,5.3739915,4.2741375,4.4934177,-3.3707895,-5.7766514,20.437449,9.845724,-2.2825468,-1.5703473,3.1410854,6.0446634,13.954883,-4.787773,10.480204,-3.1473308,11.33033,0.9143681,-3.540673,25.065304,9.330964,-2.2922325,9.988486,6.967113,-5.4140916
176,2.1796,11.232547,9.055135,0.7905478,-0.41008005,-5.754755,-6.8274956,7.569144,-1.6462871,-5.5439773,-4.043827,-8.425304,-5.495391,0.98293734,-0.32696524,21.105936,-0.038128108,-1.5143509,0.24077752,-6.992247,15.205217,-8.244317,-18.795172,15.235782,10.868912,-2.186247,6.7428446,-6.8385453,-6.651958,0.5878496,14.7234335,8.239525,4.809375,-0.24907978,-6.366021,-8.579485,7.629926,4.3841825,-2.4125118,-3.1432567,4.296639,-1.6068363,11.061115,-2.5511904,4.147805,-12.527367,0.8550691,-6.4173665,-15.705178,17.948126,2.216549,-0.05329567,8.048151,-14.760958,0.35029355
177,-3.2104366,4.345665,6.1550007,-0.01382806,-2.5599046,-8.851718,-7.9096236,6.900498,-10.962648,-7.0201597,-2.372995,-9.988554,-5.2329,-5.376076,-2.9413524,21.882599,-2.4840672,-2.443422,-9.637977,-8.396953,5.3592677,-9.303804,-5.7488766,16.552275,11.59901,-10.014689,1.8555503,-18.09969,-7.2769976,-6.04128,0.3961747,8.816762,0.03527408,-1.332567,-9.175308,-12.9963255,2.439068,-0.69875145,-2.6011229,3.3335564,-2.521957,-1.6823332,12.129782,-5.6557693,-9.203181,-13.922698,3.8754869,-8.315881,-16.371212,10.810905,-1.05535,-6.7962427,2.285948,-16.286882,-0.40929028
178,-3.1827574,4.300572,7.748662,-3.2625127,-1.7776794,-4.135347,-6.0909634,-0.21523234,-8.021405,-4.3724704,-4.0993295,-14.428542,-5.3661957,0.628241,-1.6681166,16.160458,-1.8043323,-12.037844,5.1060004,-11.912572,-1.4018861,-13.189123,-5.302232,9.165031,3.2594755,-10.076953,-1.1959976,-2.1849403,-8.553866,-7.0643897,3.1141174,7.455223,-2.7822478,-0.41379425,-6.3503523,-13.776001,-10.145837,-3.9162264,-7.5864944,-8.989289,5.97934,1.9459112,10.454377,-6.322534,-6.460139,-10.716876,0.3482254,-20.22622,-3.5416794,9.752294,-0.9137946,-6.096684,0.3628716,-14.830106,-4.037829
179,0.35514858,4.987725,12.024473,0.76469904,0.4591683,-1.060109,-5.413739,2.209516,-1.9847261,-0.36882767,-1.6406828,-3.2084067,-7.4101167,-4.126123,-1.8057677,8.310751,1.7540493,-2.4586139,0.5731353,3.701466,0.7224074,-7.762672,-10.251199,6.8049645,6.4092274,-5.0585027,-3.31002,-5.4718833,-7.0172477,-1.72717,3.4988158,6.347805,2.2347248,0.75907123,-5.7070513,-16.4302,-3.875104,-6.275953,1.466266,-1.3400755,1.469437,4.2142763,9.740759,-9.082909,-4.310013,-8.007075,7.363482,-8.370005,-7.3607984,18.53557,-0.6552439,-7.972979,-1.4884037,-6.467086,-4.0903354
180,0.09743044,3.9170704,6.381666,-0.7395732,-2.5272577,-0.82265615,-7.0152555,-2.9285047,-12.158162,-4.9136906,-1.4892501,-8.129539,-6.343594,3.6429133,2.907001,1.9059519,-3.2613432,-2.7293017,-4.305771,-5.6974945,7.1368923,-8.237835,-12.540916,5.302327,4.295875,-8.713051,-0.5701149,-2.7949324,-1.7889228,-0.78750795,1.2613845,4.073655,0.8233297,-1.8602176,0.45231003,-9.692848,-14.272006,-6.6472754,-3.594727,-4.8549814,3.4191816,5.69838,7.9213743,-1.812115,3.2303343,-4.7206,3.3276038,5.3525643,2.2184358,5.378608,0.44828317,-3.4970334,-0.14044045,-1.09074,-2.7812767
181,-7.0515647,11.307684,-3.0802743,-6.3519244,-7.1677437,-3.248016,3.8866413,-10.484502,-10.426478,-1.8930684,-0.6800107,-3.7360132,-4.7699633,-3.3313167,-4.9121356,-2.8369522,-3.4372404,-6.3105087,0.13187686,-9.495527,-8.388185,-10.663945,-4.4836755,1.8105208,-1.8686911,-10.080482,-4.7956414,-5.673137,-5.6932893,-7.2595544,-3.4908938,3.4991753,-4.8336577,-4.316877,-1.3648684,-4.853716,-15.310029,-3.409716,6.2251453,-9.075803,2.6286638,-1.8205462,0.94423026,-1.0042233,-2.082209,-9.982714,-6.3556914,-3.2684329,-6.756284,1.8788764,0.83047014,-6.1426506,-3.2356317,-5.3235855,-5.425682
182,-10.050065,10.86633,-4.629237,-7.4613223,-5.781849,1.798364,2.2951155,-4.9491134,-10.167666,-1.8814716,0.89361256,-12.575653,1.4854579,0.41207162,-0.016202953,-0.532559,1.4776498,-1.58122,2.8107378,-6.243524,-2.2080004,-11.168679,0.098156,4.1747775,4.61112,-10.588494,-6.499502,-13.022197,-0.5974043,-9.217246,1.2105469,-2.4614813,-3.6210952,-5.8196,3.1484234,-6.456314,-13.937618,-5.9294357,-1.820204,2.1198108,-1.5968128,2.1635182,-1.0411338,-3.4310074,-9.25196,-6.915991,-7.8904166,5.7389584,-7.676656,-7.5067897,-1.6373158,-6.1088266,-2.533491,-3.0476098,-3.6546676
183,-13.636996,11.051225,-8.396921,-8.022368,-3.717591,2.3739917,0.9966052,-12.939987,-1.8019179,1.1776862,-0.84349036,6.177536,0.34970847,4.160714,-2.299908,6.531929,0.80997753,-3.8823001,-0.7743227,-7.3130774,3.6601725,4.7251525,2.4405453,7.6921167,10.535619,-2.0917654,-3.0451124,-2.1703527,0.067557424,-9.034166,13.622005,-0.6058375,-4.6470523,-3.9301202,0.8310378,-0.9128001,-20.516012,-4.056081,2.9015183,-0.5928235,-1.779689,-1.120615,6.707121,1.6538304,-7.8693714,-3.6817405,-11.55209,-5.8355355,0.47181502,15.822651,-2.9171424,-2.3459482,-3.6770043,-1.6556473,1.5661347
184,-9.193917,14.829595,-7.613886,-3.2025383,-0.3520965,5.3224235,0.6644312,-9.279609,5.538298,3.517431,3.1824534,-4.3962617,7.353936,5.9302087,0.13851437,15.112118,-0.8543866,5.053669,-7.2487836,-8.327722,2.329606,6.5015616,3.6813653,17.15741,11.419836,-2.2086055,2.315592,1.890483,-3.7420702,-5.8291836,4.5225143,-9.0860815,-0.8659418,-2.8230364,2.4166112,7.496388,-10.38836,-0.5765343,7.681006,10.671997,-3.1186485,4.477724,5.949016,8.487841,-9.271101,5.729744,-9.665121,1.471992,-6.5038123,19.473434,2.3469312,4.865556,-0.94687283,-7.1062512,-1.9800459
185,-9.556336,8.792321,-5.8615565,-5.472458,-1.0460066,8.971902,2.1725087,-9.171031,7.240962,3.114935,4.664653,5.150246,9.389451,8.747982,2.1541579,12.995362,1.450475,1.7994024,-10.377916,-12.502525,-0.40268582,-7.731967,-3.1425974,16.69851,10.891739,0.9337321,1.2147331,4.494301,-2.4820669,-6.4737687,11.200307,-8.597284,-4.598867,-2.6768234,2.4616077,3.129725,-5.3306055,1.4091872,0.27487692,-2.9192138,-4.5753517,4.431015,6.9418817,4.505994,-7.488684,-4.3090386,-9.1309595,0.0656381,2.1915147,18.421473,-3.0973382,4.099689,5.768597,-3.2834907,-2.3365214
186,-9.746593,10.285244,-6.4230375,-7.4786973,-1.157263,5.681098,5.104084,-13.501775,0.9418243,-5.7050076,0.25736064,-0.20308219,6.446065,6.027583,0.42255217,10.479992,-0.87832564,1.5399975,-7.377477,-16.461533,1.2916971,-7.714991,-8.077126,15.878434,8.830348,-3.607038,-0.6546937,0.48408252,-0.33029276,-4.5089793,8.19681,-8.600245,-6.1174,-5.83071,1.1755868,3.628789,-14.349563,-4.4563656,4.6662974,-2.9799876,-2.2304296,0.99747956,2.7456975,2.8266683,-10.117771,-0.6836027,-9.991271,-4.2179794,-5.8344164,19.819187,-6.943992,2.74005,-1.8929442,-4.7606087,-1.548628
187,-4.2379208,13.408077,-3.2176163,0.16135937,3.1972833,7.5352106,1.144824,-2.7220964,1.6274115,-3.2143667,2.621196,-3.1927786,3.970926,7.37771,2.14285,10.500247,-3.397818,5.8415647,-1.8050009,-4.6864843,1.0060687,0.94178945,7.318239,12.666632,6.1173635,-3.8679504,0.048093345,-3.5093465,-0.20613469,-4.03982,4.887265,-3.9041133,-0.8920078,-0.8417306,-0.10933724,0.5342616,-2.8644485,-3.482054,2.8671024,-8.022156,-1.1449934,2.8787699,8.1377535,1.8268746,-4.9433327,5.5633726,1.902325,-0.31193346,2.2696152,13.166002,-1.8587368,1.644406,0.021992953,5.3521914,-1.0574694
188,-3.3655198,9.418744,-5.724036,-4.213737,2.649912,5.096988,-4.9662905,-10.360507,-5.2675586,-7.123271,-1.6106188,-10.67455,1.8836168,4.424375,0.9008594,1.6514038,-1.9039227,3.4568534,-6.405295,-6.2669024,-0.64979684,-1.8255951,-0.5155236,9.3650055,3.1507638,-4.9822617,-0.78866684,-0.6640064,1.6735497,-2.272832,-4.1082344,1.325297,-1.4310049,-2.0099754,3.6966753,-3.9843988,-16.671062,-6.675741,-2.2420418,3.5085976,0.22586909,1.1522373,0.23743281,5.006025,-3.1485507,-1.16167,-10.750894,1.1639028,0.22320484,2.5938554,-6.2772675,3.0636742,-2.3710027,-9.653082,-4.5879965
189,1.9071783,12.36245,2.6289244,0.9956547,4.9814444,9.706388,12.146467,-0.39968053,8.800152,3.4099848,4.273932,1.7537377,3.6961148,-0.7936267,5.4009614,7.583868,5.4684024,2.138454,-4.3391757,-2.3614485,4.3101883,9.794543,0.3259622,3.703583,1.6036556,2.4469602,1.311691,7.95861,10.381234,0.8959275,3.5840957,9.840436,0.8060534,2.5658102,2.181502,8.960855,2.648155,1.0066695,6.6299295,11.919626,-0.2659236,1.0869297,-2.3277504,4.012875,-0.8734136,-1.8493754,4.8750677,0.004594794,5.533139,11.296378,1.6283331,3.180498,0.5370472,6.098969,0.49019864
190,1.5044303,-7.621713,-1.4421825,-0.5232372,1.2133869,4.451096,7.3105006,-6.3054485,7.5336137,-4.1151357,3.881964,5.666987,4.2718124,10.679925,0.7760123,-0.8123078,0.28812864,2.0358305,-2.9325902,-4.101976,-2.198443,4.2271075,2.1609712,-4.456413,-7.3141203,-3.5408578,-1.5583138,2.9985044,8.668968,0.5849929,1.174165,-5.796422,-0.36658916,0.40924487,4.427559,11.52872,-2.2195587,3.0485127,5.010798,0.29197913,-0.6073053,1.7741113,-4.25506,0.81283,9.273406,-8.734075,-9.926721,-1.2593886,14.608978,-3.9346712,-0.5085411,3.8092427,5.065783,8.389998,-0.12171454
191,1.9325444,-15.835897,-4.8912287,-4.362856,-5.0413074,-1.2899297,8.098621,-9.614638,-3.4607358,-4.8372703,0.86202115,1.7752231,-3.9525595,5.5969644,-2.4681334,-14.382609,1.2902243,-0.7618082,5.27437,-8.233688,-3.9446738,0.77469164,5.761882,-18.240643,-7.591846,1.0316719,-2.3142548,-3.9206579,5.58261,4.246881,-6.0418415,-0.10220895,-0.585314,-1.4132874,-2.2866447,1.2143152,-10.5792,-2.160158,1.6792089,8.306491,-6.6567507,-4.7958617,-13.046419,5.1423445,2.5541725,-12.699577,-4.0101805,0.031536732,9.632895,-17.60591,0.084485434,1.136283,-6.013081,7.0613375,4.3341117
192,11.770943,-5.5687714,1.817683,4.6099215,-1.9525148,-2.6766074,6.479265,2.158081,2.1660693,8.242783,4.76836,9.014855,0.89603615,3.436887,0.59866947,-7.364069,1.4897567,2.007351,6.899499,6.512947,-3.7423654,6.3250523,1.8622057,-14.722974,-5.2651544,2.2539449,-5.596701,-1.0458748,8.452893,10.276159,5.224193,2.248051,4.827762,2.7693467,-2.813787,7.280268,2.766498,1.4588909,10.865543,-7.5488586,-2.3637886,2.512968,-3.3377998,6.941175,15.086744,-3.7003472,8.942388,-3.2175949,1.0937787,-9.296028,2.5702572,-3.2418501,2.1098416,4.969282,8.459034
193,5.6780605,-21.179735,-0.8684271,-6.027098,-8.370628,-15.00154,-7.7982783,-3.4229794,-9.8274765,-6.115295,-2.2175024,-9.924114,-14.58027,-4.542456,-2.6433935,-21.505388,-2.3183205,-5.486024,1.4380615,-2.0445788,-6.439975,-11.623052,-7.1905656,-18.80803,-13.132441,-3.298188,-11.171416,-5.461382,0.70776457,7.874664,1.3023902,-3.3332114,-0.5049943,-1.5463179,-5.8642597,-8.571995,-10.972701,-6.748292,-4.973512,-4.2439938,-1.3909745,-4.567715,-10.801241,0.49469972,9.684762,-2.7538579,-2.5947814,-1.6443211,2.5953338,-24.658968,1.0753375,-4.0339885,-13.609331,1.9905024,0.18281935
194,5.502034,-20.177923,3.9514413,-4.814869,-9.714058,-11.742949,-7.134533,-2.6446667,-8.623249,-3.276002,-4.7288814,-8.195438,-13.236945,-8.763225,-8.05164,-19.763512,-5.3007107,-3.2304313,1.2423189,0.9861513,-3.7828758,6.6252522,-4.7134576,-16.315725,-16.522541,-4.038605,-10.677828,8.348925,-3.3511107,7.243177,-6.7479525,4.7544236,2.1489866,-1.5134771,-10.452592,4.1675577,-4.9061065,-5.481436,4.6673775,3.2369351,-3.618931,-4.759647,-11.841986,0.09082707,9.406654,3.6548688,2.733321,-0.19937782,-3.8456976,-10.531559,-1.3109964,-7.2077475,-12.637244,-2.7844899,0.4823245
195,3.6045644,-13.53333,0.375008,-2.3153396,-8.594087,-13.26287,-8.470339,0.95607495,-10.145251,-2.6534865,-4.191059,-10.767496,-14.26217,-16.42157,-10.0742035,-24.761795,-9.89264,2.5319242,1.094967,5.064321,-8.528179,7.324194,-1.2732621,-15.901181,-19.311956,-7.8334455,-12.568913,0.21800211,-4.014577,5.5094247,-10.294877,-2.0989285,0.27218497,-4.4036603,-14.281365,-0.63792783,-2.1186392,-4.698809,4.134364,-1.063019,-5.786387,-4.754827,-13.9956665,-0.28138325,8.573738,3.9917333,0.35400683,-2.5559793,-4.153932,-31.82382,-3.7953975,-15.301177,-11.409843,-2.0814407,-2.2087686
196,-4.0820813,-25.781624,-5.372579,-8.182623,-11.861117,-17.24162,-11.112481,-3.4119306,-17.265966,-6.6506166,-7.711772,-16.63937,-16.142956,-9.233734,-3.2586174,-19.217949,-0.36219054,-4.248378,-2.0315483,0.42293835,-15.654484,-9.314528,-0.9553098,-18.550346,-17.83608,-13.630279,-13.027491,-7.3338346,-4.1451836,-2.1189005,-8.841277,-2.6288047,-3.9238656,-4.6992598,-10.9092,-8.825639,-6.234892,-10.489279,-2.8031151,-11.61023,-5.633243,-1.7204955,-17.478968,5.914891,-6.62528,-4.280702,7.8801866,-10.611574,-10.1470995,-39.03888,-7.421403,-14.093451,-13.107842,4.309851,-4.59785
197,-11.166089,-24.883041,-10.69563,-10.010733,-16.829592,-16.194685,-2.7976315,-16.425508,-26.083525,-5.6135316,-7.667075,-7.2430997,-22.26448,-11.698519,-15.602366,-27.807428,-7.49426,-5.8021393,-0.18789253,-12.076194,-9.608693,-6.791337,-1.4425321,-21.341461,-19.437437,-7.1257424,-13.935041,5.3114886,-9.183579,-4.1506443,-10.71381,-6.2728276,-2.4872117,-7.93865,-7.5630155,-6.7513604,-25.333261,-15.0910845,-3.1641276,-1.6144836,-0.39893544,-3.6920059,-19.727407,3.9976938,-7.1719284,-4.5300617,-6.1770387,-4.3020115,-3.2589414,-46.664165,-5.99756,-13.091219,-16.845293,-4.849332,-1.0709772
198,-0.47898623,-13.4123125,0.90902805,2.055077,-0.5155355,-5.2969813,6.547077,0.6950545,-13.454208,8.007573,2.484824,-8.379722,-5.9226866,-11.301237,-3.0105112,-18.472542,-1.7158315,-1.109306,-0.77063394,-3.924853,-4.5027027,9.522281,5.3310695,-13.374227,-12.213898,-15.937535,-6.5708737,-0.8996151,6.654844,3.806796,-5.3944173,-7.582546,4.267629,0.18163365,0.16650014,6.6834884,-2.206062,-7.2481766,6.754111,-3.534207,-3.940991,0.9153611,-13.508313,2.2181542,-6.0172253,-5.2663584,10.8392105,3.2606795,1.0369041,-23.567152,-2.0943022,-4.808192,-12.548245,20.285337,4.4729276
199,8.006078,-13.527299,6.732963,3.9254608,5.1641746,1.3867785,3.9247203,7.225626,-2.6034112,6.4644833,-2.0261292,3.4835777,1.0818533,-2.5409546,1.6754979,-12.979501,-8.301444,6.4768343,0.32460502,-1.9309388,6.243762,-6.238292,-5.138946,-3.2263656,-12.890186,-1.2743696,-5.9416966,1.5139873,-0.8111802,6.7951484,3.3047726,0.3053466,4.788987,2.4910688,4.802956,3.3752716,6.872611,3.5962317,-2.4599366,2.3546286,-2.3721516,-7.3674383,-13.187843,-1.3632745,3.1004457,-0.023716753,10.356402,-0.3752171,-0.17414877,-18.85948,-2.8484783,3.6538227,-3.9976132,2.020107,7.1345267
200,11.531253,-5.587895,4.5786505,11.157537,2.2920742,-0.19842683,7.6944075,6.0792527,-1.2269316,-2.1859312,-3.619285,7.7359757,-1.8935491,-0.6827203,-5.5448604,-1.6436372,1.7470249,-0.8366264,14.519623,-1.7783405,0.5529328,8.534882,1.0175521,-8.765075,-3.4309137,-1.0833918,-2.5988615,7.338825,0.98105055,9.4200325,3.1804543,4.8717675,6.184666,3.469204,2.8031642,7.3931694,-2.176231,0.71752816,1.208096,2.274004,1.2598901,-5.9582076,-7.202154,-0.6948761,7.4124284,-0.43045536,4.198879,4.423352,7.018626,-7.154278,-0.839909,-5.1953077,-4.2736077,-1.0100497,1.614425
201,19.057373,5.93347,6.619072,17.127289,10.88648,7.129215,4.7978106,16.035702,13.145797,0.2248128,-2.1651094,19.968163,4.1977553,-0.47741202,4.3286467,1.2221318,-3.7511182,3.3087513,2.5740514,5.8807793,6.479271,10.738015,11.872386,3.5820231,4.4149966,16.842718,-2.635474,-6.899903,1.2037553,13.93141,5.6495514,5.532051,10.997388,6.248848,3.746274,2.1769233,24.048069,12.691482,1.514788,4.7063518,-1.577768,-1.3038124,-6.871334,2.8657773,7.8732805,8.842386,12.693532,5.9320903,3.4087932,-3.817667,1.4508402,1.3571428,2.8801742,1.6572071,2.9588125
202,12.208319,-4.0353336,10.784325,8.893986,5.17436,4.0737844,-2.4411054,9.094222,-2.611807,-3.8764596,-2.571866,8.279456,-5.62749,0.31308487,8.625753,-4.6496735,-4.101646,4.5037174,7.9224277,-2.7635891,8.196344,4.9514766,4.3190656,-2.2114282,-5.3459706,4.774255,-6.56594,9.645722,2.746065,10.613975,-2.15021,5.6824007,6.779336,2.3483996,3.2543678,0.3421702,0.14996237,2.6600633,-0.8038722,6.976907,2.8433914,-0.24394432,-1.232693,-0.5035759,-0.5797541,2.7592492,10.946874,1.3496172,-4.375039,-2.04322,-2.9497952,0.15593468,0.41745868,7.338732,5.875087
203,18.728153,-7.0861006,12.060069,12.836695,8.977584,3.9194744,6.581428,7.90288,6.7720757,7.8041453,-1.8628184,16.091936,-1.4207745,0.54850763,0.34675556,5.833322,1.032278,-1.0989523,12.797295,9.527595,2.3322105,9.258048,9.549812,-3.5954149,-6.0037103,8.656647,7.045739,12.888149,-0.3378739,17.090954,17.537619,10.297676,9.813349,5.6979795,2.548319,4.355654,12.837751,3.8105407,3.1428695,0.5340327,-2.6690218,-0.33826953,0.14734492,2.5439756,14.251871,5.5050693,9.140334,-2.4973156,0.8803098,4.7450085,1.7795163,4.4630575,-1.225244,3.1984317,0.22783314
204,19.021471,1.7887553,8.946563,18.663185,13.699505,7.35859,9.272249,14.806912,10.319787,5.700646,0.8666224,9.364054,1.5406176,6.6297708,3.0078754,14.675342,0.6368364,-5.3177905,-3.156276,16.548532,13.029997,19.906132,7.441686,9.664207,2.2311761,12.027577,2.9893086,-1.0213996,4.052493,14.2994175,2.4935431,-0.94983566,11.570199,9.798864,8.4245205,11.436349,21.748386,8.832264,12.11592,-8.561786,3.8015242,3.0876231,11.62573,2.9348617,0.37374142,12.985208,15.92325,5.235975,-0.8347515,7.57125,2.7132158,5.743771,11.961705,14.956732,9.907865
205,8.134272,6.988498,10.519855,7.1739874,4.4247117,2.6795316,9.230739,4.3568325,7.6569567,-3.1052682,-6.4518723,8.4532175,-2.628653,0.45567757,-2.6040256,7.293919,1.6323977,-5.654671,-3.4454148,-1.9077433,5.1445975,11.730549,-10.080689,5.752454,3.5701013,-0.3593629,5.2974806,6.8458853,2.1260831,5.2901096,0.55586785,1.6002945,1.9308083,2.323759,-1.7565868,2.377679,12.309024,3.845086,3.323705,3.3577802,1.6818079,-4.0373073,8.109603,-5.9929094,3.4775321,0.9835658,7.5601807,0.55586976,-10.266871,-1.7283443,6.7021475,1.8280972,6.2641087,10.432584,2.0361476
206,-0.2404429,10.406002,-3.4988084,2.1361716,-2.372011,-0.006498874,7.296909,-4.7253447,-11.489492,-0.16133587,1.2038817,4.0693827,-12.474147,-0.33523858,6.62932,7.1456223,-7.837228,-7.7781034,0.24330425,0.58410656,7.4136934,1.439156,2.9408739,3.2095551,6.4307637,-4.2323093,-4.1276803,-6.0624146,3.6802614,1.4507853,4.7005467,-4.5577455,4.3796854,-3.8485775,-2.8595393,-1.9544007,-6.541788,-3.8248146,10.467922,-2.8189464,-0.9450834,-3.1157634,9.643413,-2.4173446,1.0347512,-1.863696,6.8326817,-0.9277813,-10.735035,11.427661,-5.302032,-2.547913,-1.0490372,8.844101,6.552692
207,3.919122,12.661034,2.2832298,10.055213,11.449763,9.069896,10.67834,6.0802155,6.9786887,5.7890267,8.3173065,9.068803,9.01143,17.17685,7.1029468,17.745018,1.434722,-0.7258096,-7.7308993,1.9027939,8.477227,8.717193,7.383612,17.345915,12.292991,3.2525904,4.048255,9.970524,12.273259,2.1708596,5.944437,1.0349808,5.7854133,6.351963,9.438611,16.501379,12.528868,5.3982306,6.2076364,-0.14565335,4.7085466,2.1559384,14.54397,1.3282489,1.6421007,-4.4161487,4.807096,-2.3382125,9.396401,22.008867,10.493202,10.469307,13.589608,5.6029215,26.939718
208,1.6165792,9.826523,2.7104995,5.9453106,7.1821656,9.399481,0.42786577,7.7990103,14.71644,4.1882052,5.1659203,5.2985907,12.291646,12.076372,8.453561,5.92666,-2.3442307,2.539988,-8.349574,0.23695095,-5.576534,11.898007,4.2735925,7.496632,-3.50247,12.021765,8.690654,0.99539924,4.221442,-0.120627195,3.6783679,-4.1554523,2.0539253,5.3746514,2.4674556,12.395392,21.63459,8.974026,4.80147,-1.0771135,-4.7299523,-2.2615428,4.7959075,2.0368352,-10.004564,-2.9757364,4.437018,-7.140548,0.83731437,10.750826,-1.6879078,4.6216803,9.757211,-3.163494,7.7122326
209,-6.0734897,3.077717,-11.058846,1.2358707,1.1694939,8.863937,4.846956,-1.0031366,11.762983,3.2037816,8.385539,8.641571,10.985337,4.402144,12.634282,7.484186,-6.7869964,10.134491,-7.432816,3.863146,4.056028,14.945815,3.9241138,10.891287,-4.486259,12.319176,4.478953,0.8703495,7.347992,-9.920488,-6.8981786,-4.015227,-0.38516888,2.2851112,2.2645028,20.236727,14.362017,8.630543,9.636579,6.7144837,-1.2535449,-0.75280863,1.882572,-0.65427554,-0.10499292,-4.211094,-6.1839,-0.062020402,-8.317024,-2.0265462,-1.2851567,5.613747,14.067327,18.166363,17.173801
210,-15.948594,-2.046602,-8.83298,-5.311364,-7.024453,-0.03325595,3.921681,-3.029023,-1.5595365,-0.09290769,8.174107,6.1814103,-0.86428344,-2.3017075,9.193542,-1.409821,-2.261636,3.4938214,-2.462732,-1.2195289,-11.508289,0.64723843,7.15447,-5.953069,-2.5845006,3.4980211,-0.52824366,11.353416,6.0612264,-15.723562,-19.074581,-7.6243305,-7.100193,-1.4452345,-3.6757252,1.0800185,0.8427112,-2.564394,4.0939264,5.6946206,2.7643168,-3.6502354,-2.6992357,0.34409475,-11.414149,-2.1714556,-8.398898,-10.818905,-1.8419199,1.3204446,0.821233,1.545637,4.3852243,7.352496,7.543177
211,-15.990704,-8.722239,-4.4694595,-5.956393,-6.619106,0.7228209,5.289724,-7.2232924,2.1909006,9.342943,11.947599,5.930823,-4.068622,5.617665,7.3980784,-2.6209655,5.0933514,1.6222168,-8.657623,8.111943,-1.6106588,6.617575,10.83188,0.75902253,-5.968673,2.7312753,1.4185699,7.7109647,14.697577,-13.695739,-4.181199,-11.5942545,-8.4281435,-3.844001,-8.259491,9.476604,-7.628728,-4.051192,7.116082,-1.5634722,-2.291538,-4.383523,5.7257338,-2.3393345,-7.382367,-1.8631958,-2.951666,5.111642,0.53984416,7.2039304,2.4568415,2.8093534,8.083692,13.427269,17.571985
212,-18.912312,-11.875585,-10.04301,-5.6876354,-8.867037,-8.498096,10.30328,-7.574652,-7.2934375,0.59092134,8.342021,-3.631355,-7.536775,-4.0595803,4.5357037,-1.78854,0.14864098,-1.4989818,-10.98484,-0.65139085,-3.8403227,-1.2210554,-0.9039561,-2.1025512,-9.069179,-2.206415,-1.1115001,7.9331374,8.798497,-15.513343,-12.413887,-4.909235,-9.474517,-8.043283,-9.971546,7.22322,-9.6144285,-6.523102,0.9504607,0.7859924,-1.9220957,-7.423182,-3.2111392,-1.2083721,-3.9191368,-3.6062944,-12.545938,-1.7736351,0.37790442,-8.691015,-3.1156652,-2.2827327,4.6899915,16.040323,9.852236
213,-14.669091,-0.7698596,-4.694879,-7.4800134,-6.854921,-7.590729,0.17845409,-7.856084,-10.665864,0.67764306,9.163059,-2.3071089,-11.328342,-4.401305,-4.642086,-2.6212084,-2.249428,-4.3851137,-10.687185,-0.72262263,-5.1779566,2.1590655,-0.8532449,-15.756273,-9.991045,-3.6998134,-6.86933,-2.9747176,9.150145,-11.439277,-13.744573,-10.5333605,-10.061228,-2.738924,-4.743735,-3.5371842,-11.308339,-11.357212,5.3192654,-10.695376,1.9487342,-8.054462,-4.603016,-3.0167308,-7.714828,-3.9820778,-10.970823,-1.7093229,-0.82879,-11.8743515,-1.4251552,-4.2068553,-0.26310003,11.180612,9.302158
214,-17.577372,-24.810762,-16.727596,-13.040004,-11.532066,-18.188963,-1.8607095,-14.870856,-11.435737,-9.806435,0.38798314,-5.6117797,-16.125563,-12.478068,-4.9570765,-5.7153506,-1.7457849,1.902156,-9.709603,-5.904188,-6.364028,1.2305222,4.4052773,-7.212149,-7.18199,-4.218918,-10.485967,-14.976582,1.3575714,-17.863157,-16.72443,-0.865913,-11.11946,-8.840326,-11.983474,1.1408204,-16.435282,-15.433935,2.7538455,-2.1288571,-8.858161,-16.358782,-9.729,-3.8819602,-10.10865,-10.420577,-10.8606205,-0.838109,-4.6693907,-12.857457,-8.087104,-11.220344,-4.5095425,-14.7637005,8.776127
215,-12.13939,-9.241805,-18.651373,-8.929601,-12.00114,-13.405432,-1.4533932,-14.057137,-28.181683,-9.2916355,-0.86927223,-8.903354,-18.24232,-6.5395684,-7.176889,-11.254122,-4.563263,-6.0954165,-11.596994,-16.299139,-10.385569,0.6665978,-5.705499,-8.240833,-9.249803,-12.071119,-11.852235,-15.191334,-1.4338875,-10.36559,-10.731253,-16.010284,-8.240274,-7.205533,-8.260906,-5.9732347,-26.322386,-18.619118,-4.8570547,-8.247551,-0.86154497,-6.026449,-8.932103,-2.1148055,-22.265888,-14.75701,-23.878435,-1.1908513,-2.6487906,-32.676296,-4.1204343,-12.953812,-9.049471,-12.57016,2.0414276
216,-6.291532,-3.4656336,-11.601624,-3.6825268,-3.4201376,-7.344536,2.036698,-4.207407,-2.8301966,4.566083,3.9055076,-5.4559975,-8.023614,-12.884888,-1.1017772,-12.036035,2.8500082,-3.7071886,-3.7574217,-6.80757,-11.675866,3.6834772,-1.6328813,-5.6274896,-8.910407,1.307294,-4.9462376,4.407359,0.23499404,-5.044463,-10.72677,-6.4902325,-2.9592226,-0.7858959,-10.287798,3.5683236,3.0715632,-4.2852893,5.274153,-7.437043,-4.3797975,-6.611633,-5.003587,-10.565996,-6.512856,-11.111701,-3.3403327,-0.5575065,0.36405417,-1.3069379,-4.534201,-3.072065,3.6484358,-10.194026,9.161569
217,-8.058861,-8.7878065,-12.390745,-6.1849837,-8.795797,-8.638051,2.2016642,-10.288382,-14.287473,-3.7994764,-0.3016781,-10.524596,-8.422747,-6.400824,-8.028549,-5.7324853,-0.59543645,0.5664297,-12.129403,-11.879311,-4.3016744,-1.427261,0.89968437,-10.487831,-9.258751,-4.7097545,-9.534345,-3.7128394,-0.59803903,-5.265053,-10.713603,-10.915962,-5.8477306,-6.0427494,-6.5373015,-3.8487778,-16.413235,-7.5897574,0.23939046,-4.964425,-3.2974806,-7.306861,-8.708839,-2.1970367,-7.43595,-5.2857637,-16.351635,0.6332993,-2.554217,-15.934275,-5.377302,-7.5302196,-6.852292,-1.3622333,4.58921
218,-10.22483,-15.530756,-10.315202,-9.660194,-7.127724,-8.193106,-4.350916,-6.352152,-12.986255,-5.179236,-2.1436033,-10.331318,-8.716697,-5.9437776,-7.4073153,-10.151207,-2.9447997,-1.773659,-10.754817,-14.125563,-11.029269,-7.5218124,2.1047518,-8.413841,-3.2518976,-6.0321093,-8.0208,-13.251156,-2.20686,-7.4345694,-13.661833,-8.138204,-5.998172,-1.5024109,-7.8689322,-3.4825823,-7.967498,-8.935957,-1.618694,3.7604768,-5.1428213,-8.355051,-8.500496,-3.2776177,-14.819176,-11.635639,-7.4404807,0.48927122,-6.20891,-18.258842,-10.643981,-8.428724,-9.118217,-6.49818,4.141472
219,-9.420532,-4.5373836,-8.198529,-8.506254,-9.529046,-13.044691,2.9734187,-9.043138,-13.61962,-2.984723,-1.6926714,-13.249861,-9.728296,-5.3815613,-6.345515,-7.3213196,3.0507746,-4.23646,7.879146,0.9638306,-12.447707,1.1405431,0.6387897,-8.291001,-5.461612,-9.888332,-8.059144,-5.46455,-0.63230056,-5.5450974,-9.377556,-0.6738678,-4.8419027,-6.3382983,-6.439172,0.4297104,-15.186364,-8.50868,2.0112877,-1.2550367,-3.193651,-6.9555807,-5.2670045,-6.189437,-1.3023164,-6.924409,-9.107711,-2.3278885,-2.8944848,-3.8712323,-1.2738986,-7.23551,-9.206472,-0.5064762,3.3188193
220,-3.8399227,-0.26071686,-5.206306,-4.3100185,-7.553807,-7.314218,-1.8683358,-8.149232,-13.414994,-5.8754883,-3.0180595,-16.017712,-5.234161,-6.142482,-0.0744446,-10.589786,-3.4856892,-1.4356549,-5.320793,-9.182132,1.788123,7.815633,-3.7939281,-5.1831765,3.8410962,-4.674431,-5.1342077,-11.732462,-2.932519,-0.6451363,-0.87147343,-6.12253,-1.0009161,-3.7610512,-2.5665774,-8.57746,-10.470137,-4.1663194,-4.490747,-7.0921445,-1.222846,-3.7858863,-3.3271115,-2.404128,-2.5289178,1.2267299,-10.347156,-0.74062014,5.4002314,-11.244127,-1.7328842,-10.630892,-7.665381,-6.506894,-1.9691771
221,5.050117,10.360358,3.6383686,4.090224,5.1335864,-0.2942436,2.5933833,1.9098018,2.21523,-1.5352767,3.6746795,3.05264,-0.57210755,0.20794037,1.8370825,0.09164274,-3.213106,-0.2767444,3.8006065,8.044112,5.0561833,10.181782,4.6462836,1.1928926,5.4943914,2.9656796,2.9566631,-3.5192845,4.633932,6.244195,2.3999481,8.443511,8.017334,5.84411,0.6338297,5.0354075,5.721461,3.9636254,0.12386279,-3.5443885,-5.463835,4.783387,0.5727791,3.04828,2.0799775,12.050025,8.105032,11.265709,6.9936433,5.0248733,1.5590562,0.52959037,3.7429502,-12.531672,1.4941795
222,-4.518491,-0.3511842,-6.4365053,0.2500133,-2.3122988,-5.914864,-1.6049234,-4.0390134,-7.2394047,-1.8811914,-3.2264977,-7.597524,-1.5540543,-8.301393,-2.1359093,-9.013114,-8.508688,1.9039577,-9.126354,-4.5034256,-5.9166284,-2.8948011,0.25494552,-2.796163,0.57717997,-4.326047,-1.5655797,-6.697821,-3.0943024,-2.0604415,-9.685194,-4.002488,-1.3289173,-2.0076938,1.3751178,0.036555625,-7.11608,1.6561149,-4.7402925,4.9254785,-3.1652677,-3.6595778,-1.6184781,-1.046991,-5.644966,0.5826318,-9.163589,1.0265911,-3.7943828,-11.87442,-6.444683,-2.880269,1.7372499,-6.8396297,0.285715
223,3.633934,1.4781107,2.7443936,3.461068,4.002416,2.596871,0.9308193,0.6379022,-1.2164978,9.31763,-1.173704,1.0650667,-0.11099864,-1.0620593,4.8080482,1.7414473,10.088979,2.5882664,6.061958,6.7239447,5.877324,3.953631,1.1137362,-0.3307309,3.232947,-4.7075844,2.0874152,2.8969696,0.6770346,6.009477,5.164283,3.4941661,4.029104,3.5145657,7.9266696,1.4094404,-8.726634,0.34781316,3.3233478,-6.9922204,-0.51556593,9.791411,0.5674988,0.12848036,15.09656,13.986315,0.5346662,3.2833457,2.7192798,-4.4801564,0.29811046,6.938606,0.61554474,-1.614869,-3.6110704
224,1.1837999,4.0166855,9.828686,-1.5983063,4.7766957,2.9755356,-1.5431893,4.8365145,5.1988544,1.9862336,2.109281,9.791239,8.357636,-0.3020226,2.603303,1.4495637,-2.6469438,-0.28715968,9.232976,2.7082305,5.6499414,1.2133794,-0.10498412,7.163245,3.0495863,5.6994877,4.425896,4.394042,0.29699093,5.076465,-1.8686315,9.453043,2.69035,4.3265452,4.1049995,7.7001944,7.687448,6.574506,1.0677948,20.242949,-2.0497103,-2.1007535,-0.762646,0.93563473,1.3771285,4.8989577,6.8981404,7.3736625,8.377818,6.957785,-0.5761199,2.7985423,-2.628569,1.2079271,-2.8034894
225,2.4490502,0.22971417,1.4633787,-1.0320768,-2.7382288,-1.3515296,-3.5046153,-3.525802,-2.1380663,-1.1060841,-2.3317735,8.531289,2.850362,3.661682,3.404211,-0.9935768,0.33527413,0.39445153,-3.2499855,0.5522109,2.888336,0.79570574,-4.217993,4.2180204,2.8457496,-3.6336403,5.251183,-1.7128719,-2.400118,0.42668062,2.4552352,-4.7439528,-1.6988319,-1.181652,4.7490115,-2.3051639,-12.944259,-1.1556233,-4.08017,-0.43399084,5.0802865,4.47993,1.5290393,-4.2967434,-2.6787238,3.3854604,-13.624697,-1.9287064,-4.0530586,-6.9201107,2.7308578,3.3328311,-2.210325,-1.4663613,-10.544021
226,3.2687845,0.980318,7.279154,0.3078599,3.93271,5.1812673,-3.968899,10.950677,11.234896,-0.9426748,-0.89205754,4.893745,5.1868873,-0.64928985,0.41827354,8.272682,1.1111138,-0.53218997,4.397225,4.617094,3.9550006,0.56163794,0.29865205,2.5760667,8.676437,8.663266,2.4511156,2.8928835,-2.2686107,2.6887705,9.010122,3.8367598,2.0135067,2.5715444,3.1989403,-1.2833295,16.573519,8.106732,-0.70895106,-2.4842331,-6.7271776,-2.8648791,5.7460046,1.0406691,-0.6077418,0.058597412,12.152389,-2.983277,1.0170188,-0.60263693,1.8766226,8.102324,0.7936137,-5.5893598,-4.723369
227,4.267648,4.551387,-0.5728784,1.0925909,-1.9511136,1.7224606,-7.5957284,1.0454242,-0.14442623,-11.447087,-4.834806,-2.2876732,2.2490516,2.586956,-0.96988565,1.8983496,-5.031065,-0.73279774,-8.555624,-3.354323,-6.187942,-3.9744356,-3.3818896,3.77247,-0.21311764,-4.9115186,4.899897,-3.6334703,-5.7167344,-0.08636642,1.3515499,-2.1938062,-0.92256635,-1.056328,3.2434592,-8.456232,-6.7975984,-0.9323322,-8.205669,0.11806637,2.6548688,4.6017647,2.723209,-6.187513,0.40055344,0.17571121,-8.899352,0.32867774,-1.903007,10.2702465,-0.6538355,1.5167981,0.4098824,-11.780043,-14.132462
228,0.5913979,9.181981,1.808351,-1.5549947,0.036918398,1.1792142,-8.859103,3.323223,3.916004,-2.1657033,-4.132472,-3.2063487,5.0764017,-3.8101392,-0.6439503,-0.45279324,7.063889,-2.2777328,6.217206,1.4057512,-1.9336069,-8.118656,-2.3503172,-1.4079075,1.6106354,-1.8113341,1.6493773,4.6169724,-0.7462236,-1.7888149,-0.8195248,7.0279694,-1.973141,-0.84306556,3.103521,-0.3638395,9.498213,0.54584605,-2.3077102,1.1863858,-2.8405826,-1.3786244,1.8843219,2.2119377,1.8399885,-1.8491727,4.099201,-3.480245,-6.092947,-2.227799,0.5179767,2.930231,-2.9295716,2.5916746,-5.0090256
229,0.73968464,-5.4055977,0.795806,-1.4059868,-0.0604144,-1.5016606,-1.4192317,-3.526756,-7.4736476,-5.203448,-5.031506,-3.376682,-2.7519047,2.197661,-2.153004,0.20498873,-1.839182,-1.5514445,6.92771,-2.2054992,-3.18663,-3.6636946,-4.3959966,-5.9104447,-4.965816,-4.1317067,-0.8798197,3.2117121,-4.7518353,-1.9536815,6.585391,-1.3328489,-2.5517538,-1.2384019,2.3374934,-2.4710393,-8.394648,-7.899684,-8.392901,-3.0519476,5.5390477,6.14428,3.7558084,-0.1330533,2.995915,2.0733917,-6.8336787,-4.0963135,2.169641,6.3594694,-0.38610396,2.1434085,-3.5704792,4.90175,-4.2427883
230,-0.5568579,-3.7040954,-1.8949033,-4.226543,-3.0002036,-0.33431983,-7.9789352,-0.79271555,-2.9058075,-5.2210226,-6.569741,-8.71499,-3.3132565,-8.687187,-4.18581,-5.279945,0.0037738837,-0.18326828,6.467338,0.8760106,-5.0956025,-10.913113,1.6140771,-8.003467,-3.4093578,-6.858663,0.77402693,-1.3199124,-3.032117,-0.70280784,-3.7043393,-0.75133336,-2.7828243,-1.8610499,2.2820244,-9.359721,6.2230825,-1.1036854,-9.601521,-4.939312,-3.9637167,-1.9455719,-1.70705,1.3309462,-2.0331502,-0.853876,-2.266063,-7.9334188,1.3439789,-1.1807113,2.8161526,4.132899,-1.7352098,-12.600322,-6.6143103
231,1.1385208,-3.341457,-1.153718,-3.6647518,0.8109889,1.0219066,-0.6055091,-1.0487893,-3.5419784,5.026972,-3.669412,-7.383757,0.47607735,3.4802318,-3.3392563,-4.215701,-7.222323,1.2283677,1.8740954,-3.6887941,-5.3815703,-19.593784,-4.4377694,-4.645654,-0.8349165,1.861535,1.262474,0.42201465,-5.937806,3.3902626,0.5091166,5.5028973,-3.3071418,-0.8774232,2.1612515,-10.668027,-3.6617892,-0.065561555,-9.619153,-4.5944076,7.376161,7.629666,-2.8465848,1.0117663,5.152917,-2.992265,-4.041517,-3.5112822,12.477737,5.8427896,2.3595283,3.71758,-1.8847773,-3.625839,-7.525791
232,7.2685366,4.297059,5.7104974,2.358683,5.136253,0.4012607,-3.303057,-0.11397755,10.484718,10.601519,-4.5440383,-7.674517,8.014377,0.48186436,-6.778381,0.4814622,1.6075318,2.0200703,8.748521,9.476098,-5.6461177,-9.5192585,-7.002352,-3.4915686,7.0926647,-1.5382457,1.5605102,-5.5694847,-3.2996426,6.549042,5.466397,7.8528605,2.7879667,2.9860907,1.9736987,-9.466067,9.435609,3.3928173,-7.495853,-5.6111393,5.4979663,5.503969,0.7259691,0.35936487,3.682793,-0.03834178,1.5033565,0.70906544,-1.0692998,7.2096047,4.45921,8.826865,2.9266353,-4.6178455,-10.032282
233,16.555912,9.58525,11.32925,11.174112,15.620612,11.49265,-1.1465582,9.622376,21.77936,10.800064,-0.16876663,8.413739,15.485459,11.303966,3.660222,23.613573,6.0385265,-0.39670154,18.50595,5.8416233,21.710993,2.94709,-0.20276342,19.450832,7.4293528,4.0419602,15.316445,-1.0417138,-3.2028298,16.192568,10.698968,10.27363,9.370583,5.0005054,6.3309684,1.206339,18.817875,17.204685,-4.2936215,-5.3938236,7.4612637,11.276379,7.335814,4.1831117,10.535446,13.137211,10.419328,2.3584049,7.820266,22.778996,11.750484,10.21015,14.753342,1.778514,-6.8741007
234,16.103615,16.472862,18.49829,12.346358,15.065702,15.996084,3.0341096,17.724016,24.977331,14.585253,2.9202054,16.831581,21.558187,11.844259,9.18242,21.057493,9.851085,6.949249,8.378388,12.843964,6.451309,7.428961,8.678777,5.2582536,10.868198,11.927666,17.905458,7.319682,0.69787705,15.530764,2.8311946,11.350768,10.1965685,10.694976,9.472666,-3.0190182,29.106377,18.201202,0.4692662,-14.917431,12.574294,11.70289,10.015329,3.8945754,14.188832,13.040372,10.454108,6.011689,8.1444235,26.477844,7.7426405,7.488975,17.304379,14.809396,-2.3149154
235,13.789608,1.6093409,14.164125,12.93162,12.807561,10.813353,-5.6325097,12.386396,20.063488,5.9562273,-5.1904798,5.3708735,13.6415825,6.57596,4.1790624,7.9022264,3.5982635,-0.5601147,5.5295935,16.393972,1.8147703,-0.5356141,-5.2170925,8.7747755,4.750036,7.624316,7.4455028,1.8977581,-6.1366096,13.536695,17.980751,14.658568,6.833688,7.8981156,5.0678287,-5.286138,16.85627,5.9406357,-5.853736,4.667701,6.47555,12.556916,2.2149289,3.9371672,10.433716,4.536552,12.0777235,3.5208728,7.4513373,30.591276,5.19656,2.4776301,3.0448315,-10.835881,-13.992586
236,25.229094,18.75338,22.49654,20.74981,18.31252,18.229641,0.93700796,15.857955,25.085373,20.38987,0.5710077,13.659116,16.472355,20.088203,8.729568,19.16673,2.2991295,2.5230887,18.9095,13.259531,15.145156,3.7087474,4.183265,18.292356,14.139129,16.101486,15.187889,13.000513,-4.3695536,22.433598,20.317339,14.579651,16.381237,13.783104,14.498625,7.8954415,28.135593,18.180328,-0.9254338,9.077629,1.8855485,13.279082,12.029433,4.730217,23.119051,16.455873,23.72506,6.245974,7.310095,30.521975,7.2361574,8.075435,14.31539,9.560535,-8.04777
237,24.07778,26.315065,23.203114,21.206879,24.502811,21.17908,13.685102,27.085443,30.977306,6.49262,7.8218417,17.378859,23.474144,12.776505,10.997063,21.183966,9.61186,5.9468336,20.63837,22.578712,21.080893,13.950843,10.348361,16.755037,17.317253,14.313655,13.909749,25.047413,6.958104,17.155832,24.296831,21.848892,16.70841,14.582676,12.142338,18.937914,36.450348,19.97199,4.4318624,9.772454,4.7648215,12.929897,14.734306,9.441825,28.777575,15.317774,32.13868,11.554713,14.870873,33.250355,13.4059725,7.3756166,12.707829,18.032343,1.9495249
238,14.645826,15.726384,23.589,17.008247,17.29912,18.892382,-0.75883573,20.34021,18.139349,12.968835,5.437131,5.1390047,16.082237,13.164227,10.485001,14.431278,4.724323,7.433981,9.858782,17.2104,10.069072,8.784428,0.21565592,13.18906,11.565921,13.94039,11.537781,6.2451124,1.046018,13.553581,15.631443,6.056091,12.721477,10.57647,15.137831,0.89737654,20.168299,11.674309,7.2342906,6.054344,2.682785,3.3035526,12.255602,10.070774,19.294964,24.30266,15.240283,6.2547684,6.5519176,13.967971,3.7264764,7.292882,12.329776,13.36298,-3.1201594
239,12.897753,11.628905,8.241507,14.12339,17.275778,13.8778305,10.438817,20.56119,16.315502,-20.82499,4.4812527,17.975206,18.429316,13.17757,4.875494,11.175288,4.2471247,9.6472025,7.6737776,14.671594,22.495918,11.144924,8.822206,20.14201,10.651418,9.998983,2.6825974,10.402041,2.2795675,6.558725,9.459125,20.319792,9.899847,3.1717696,3.403066,11.819388,21.873728,9.350235,-4.0454206,15.698205,6.507615,2.0608547,8.833882,5.297587,20.841095,27.30819,23.285137,7.6908154,-5.047644,19.083168,4.6308165,6.637598,9.210929,3.3781412,1.8164761
