Timepoint,32,34,61,68,85,111,132,150,258,260,287,330
0,12.461104,-2.4360423,3.3687391,3.0714374,10.29739,5.055933,-4.4022355,4.2607684,4.426811,5.807214,-2.1692657,6.4020834
1,8.196323,5.191241,0.61471087,3.6453428,3.468108,-1.9377867,-0.70984364,5.364758,7.658856,-6.210011,0.32826003,7.4977784
2,10.607596,18.111609,0.8030989,6.4354234,12.056799,7.215949,0.25849494,3.6347797,5.524633,0.15215237,13.897939,17.171677
3,13.715824,16.55701,2.3400376,1.1495163,19.18287,6.908626,-3.53152,4.567316,9.249778,8.582955,11.040983,17.870039
4,-1.9916503,19.318054,2.148011,3.302772,12.584511,6.447015,-2.3189354,7.799346,7.813558,6.688666,1.609591,13.630896
5,0.75615054,5.0250688,11.064476,1.4667381,1.943918,-0.41536838,-1.629401,5.555215,6.5265307,13.810501,6.724311,12.181915
6,-4.41273,11.652348,10.257594,-0.21305251,-7.8458743,-6.579032,-0.9694325,7.185342,-3.7415018,-8.400155,-9.587887,3.6051784
7,0.3851555,6.5851464,-5.7387757,-6.419147,-13.158854,-11.446857,-3.047015,1.5899066,-7.0017166,-9.031122,-5.9733543,3.3963056
8,3.4173265,-1.0270051,-8.396862,-2.9716551,-0.10065916,-5.1613407,-4.675118,5.0868216,-1.0366147,4.6801853,6.8605003,12.480691
9,5.87262,-0.6044851,5.606108,6.3822756,6.8660007,10.543422,-5.4988513,3.17673,3.9784737,2.7601545,5.57505,10.349059
10,9.266347,-9.611762,-1.7243347,7.8539877,15.519739,10.08101,-5.518633,-2.3652616,7.190262,5.9752765,-13.648136,-0.46538395
11,-4.0554714,-18.577349,1.6616584,-2.9620717,9.642342,5.7264256,-8.332345,2.6129773,0.8415705,-10.595494,-22.891613,-4.4180226
12,-13.777847,-11.329184,-8.641613,-3.3231828,-2.678951,-6.9394884,-13.511353,-1.9057175,-7.5173473,-12.204182,-16.240824,0.05833808
13,3.398338,-4.918101,-7.3740864,-1.7240874,-1.2358768,-5.401474,-4.275897,-1.8895543,-3.4595997,0.4047432,2.846269,4.516724
14,6.9844885,-1.9222753,0.54366565,2.7612228,-0.32091555,6.7859316,1.3644528,1.7091107,-1.2533871,-1.7023033,8.084169,4.2851853
15,10.621903,-12.412994,5.419183,2.5029633,-4.857196,4.799288,-0.27385733,-5.8038206,-5.913592,-0.4953154,2.3787222,-5.5452557
16,-4.27724,-27.776089,0.49828547,1.439115,-11.565077,1.3215733,-5.8498993,-6.438697,-8.308332,-2.804096,-19.044666,-10.865307
17,-2.675669,-18.181429,6.1603966,-0.08064123,-18.56597,-11.064321,-9.730992,-6.386654,-9.087084,-2.8105838,-17.229645,-10.532227
18,-2.73333,-0.8434274,-9.119172,2.8660414,-15.648302,-9.07694,-2.3879185,-6.1959667,-4.41152,0.5066012,-2.5158155,-4.3146977
19,11.715914,-0.30197868,-0.4581376,2.2746682,-2.0219557,4.592055,-0.8977021,-1.0305321,0.7356139,-2.7450275,0.6929642,3.709457
20,8.363994,-5.992056,-11.424843,-5.704281,-3.028098,5.3542657,-3.2359855,-0.5236862,10.717753,6.8859625,-2.2282646,3.0483608
21,0.32161137,-6.550883,-3.3891766,2.3229604,-0.95872056,12.511019,-4.8583727,0.25914264,15.53361,15.950878,9.793969,-3.5134614
22,1.2204812,-9.018146,-5.1653976,-2.682526,-7.804124,4.829535,-4.2072105,0.996133,12.323414,-3.1006446,3.955493,1.3834077
23,2.4721777,-0.49420288,-13.637981,-2.391609,-1.7496531,7.767902,3.2453246,-0.31806636,13.117368,0.390927,-2.4277701,5.118561
24,18.758286,13.431862,-5.6074204,3.6472642,9.7079735,14.612098,8.799415,4.2343526,15.238474,16.084423,3.4370522,12.904441
25,12.929096,5.189666,0.9521584,10.718214,20.190598,17.822517,6.5329223,2.2954967,14.958888,13.487678,8.594155,7.0127077
26,7.5641713,-8.974485,-0.96377146,6.075977,12.960084,9.386679,0.28266796,1.7889374,3.1123986,-0.12960686,6.0443897,0.4530712
27,10.36159,7.459696,-10.463077,3.640821,3.6120832,2.735036,2.8261192,5.0259185,-1.5135138,-5.1875787,-4.256521,3.7950723
28,15.910911,12.858493,-2.3227217,3.4422708,10.137874,0.5884247,10.099809,4.488126,7.802058,22.657808,-0.10898136,4.2504396
29,10.550351,3.2529182,12.963343,-2.0955422,7.59609,2.694416,-2.8034937,3.5824814,-1.2662317,-1.1000423,3.6385386,1.6888624
30,-4.3305182,9.690067,-10.463131,-9.01357,-3.9796116,-12.4862995,-2.9837146,-2.5005124,-13.858283,-19.185038,-0.2974783,-8.091649
31,-5.5511384,12.759824,-0.46938595,2.2560549,0.1477192,-15.502772,4.7401404,-0.057693157,-0.011226357,11.906586,-6.9450693,7.8326464
32,-3.7159536,8.59782,6.4436846,4.7059364,9.988692,-5.373848,-0.8058085,-0.9306432,3.0469382,5.512786,2.1501133,-7.2426925
33,-0.70498866,-1.580489,0.53540325,-2.6230757,5.2014046,-7.1994824,0.5355938,1.7212638,-2.7325726,-10.84868,-7.602251,-6.1590233
34,-5.001462,25.259172,-9.616202,-3.0016239,-2.324898,-11.482895,6.7739854,-2.5846596,-0.5761129,2.989809,0.3869029,-0.7138568
35,-1.0654576,17.396702,1.8597293,5.3567805,2.306621,-7.7399726,6.5303555,3.132588,3.1235433,8.337517,15.764488,6.9538946
36,6.7942867,14.727263,11.991132,4.7646317,6.691062,0.019025622,4.0043993,4.4410534,1.6156381,4.6547475,0.09869006,4.7806277
37,-8.3981285,4.9354963,3.7113254,3.8159804,1.6607758,-10.822643,0.22371097,6.437884,-7.448478,-20.357096,-11.703044,-3.1102395
38,-2.707068,11.365944,-10.499189,-5.162497,-11.296366,-13.297881,0.37730032,0.4520091,-6.6823897,-5.643232,0.19762115,0.26964006
39,-2.862692,-4.110659,-6.275285,0.75588095,1.2125279,2.510214,0.91695124,0.3301602,3.48194,9.823608,17.761318,7.6744194
40,6.2078705,-18.010023,-4.923766,3.9164135,7.14379,4.0169873,-2.1196246,2.7388682,3.7038987,3.0441935,3.9950554,-3.1113157
41,-10.514283,-5.982206,-6.2784915,2.5753713,-1.4940743,-7.183365,-3.2545333,0.6182169,-4.636408,-11.389983,-4.808513,-10.964058
42,-5.989344,-0.37091243,-11.770084,-3.4566524,-4.513269,-11.009593,-4.668858,1.5503398,-8.746571,-7.4431233,-1.6849186,-3.4554129
43,5.1409516,2.881495,-10.564654,-1.3865402,-3.256417,1.0234283,-1.0421398,-0.35188362,-2.1633036,-1.932089,12.601304,1.2387838
44,3.948222,-3.7474277,-3.5397997,3.315766,3.579527,5.904501,-1.2242024,0.30824286,-0.09014329,-9.536003,11.309457,-0.61126995
45,7.1966887,-10.245542,1.6762788,-4.383729,11.052972,1.3969514,2.15642,-1.2603194,3.1442106,-2.534718,0.88494575,-7.8839517
46,-1.0836855,-15.601989,7.325074,0.5504206,5.1235557,-2.2146785,-2.4841917,-3.9443035,-0.6453945,-4.33705,-5.1823964,-9.708912
47,-4.0035944,9.106421,-1.0078272,1.4674028,0.48346817,-4.6535625,0.88294834,0.6351255,-5.2909136,-11.15611,-7.269783,-7.4473095
48,8.028965,10.381392,-1.7718571,4.009432,4.180671,-1.0952748,1.4849375,0.23030081,-0.4391905,2.000436,12.439986,0.4037282
49,10.065035,2.4086556,2.0526564,-4.1646385,12.480024,-0.14289708,3.6103382,-1.7968313,6.11573,5.670596,5.4561663,2.5586529
50,3.956956,-2.345783,5.3959236,0.036544994,12.791958,0.3882754,-3.5733666,1.514429,3.9429898,-7.253473,8.090931,6.987616
51,-14.822645,-15.788964,-1.1919799,-2.3969557,-1.7725006,-3.6600811,-6.2148695,2.5154061,-5.6715803,-16.710007,-5.9219418,-2.5041342
52,-10.7393,2.4819207,-7.078355,-3.783412,-3.099759,-0.010031182,-0.3459364,1.714533,-3.2070735,-5.535122,11.13778,5.434043
53,9.114907,14.109105,6.1136823,5.7167015,6.2853656,15.537029,7.79978,5.5169973,12.157706,16.70653,22.16723,11.791058
54,6.4890265,-0.4959501,26.27619,9.619523,12.784206,14.369981,6.234625,10.222499,15.571954,12.094693,10.38613,7.2954464
55,0.2582182,5.027,12.873212,9.321946,-2.5065596,0.69220495,4.477741,5.559825,0.14599042,-11.383717,-1.4873698,-1.6564293
56,1.9783334,8.036398,2.5940409,-3.737318,-7.307948,-0.18909319,1.1643043,9.69246,-9.930588,-9.345151,-17.378,7.651968
57,4.1617794,1.6577706,4.837208,-2.6854222,-8.216351,5.422687,3.5030227,2.810643,-1.5620236,8.171736,8.004286,8.887159
58,-0.813923,-7.345705,17.138195,8.722543,-6.6477346,13.431164,3.602784,-2.6033127,-0.5841174,4.591946,8.586352,7.723346
59,-6.32781,-13.50699,10.800378,6.2836113,-11.278554,-5.8273563,-1.6320261,-4.2895107,-7.0641704,-12.537342,-13.344458,6.7275844
60,-10.154784,-14.488552,-1.327328,0.80129,-27.511026,-10.4567795,0.36082774,-6.1045103,-13.322893,-26.632242,-23.40239,1.9763378
61,-7.1872306,-0.2911463,-2.190862,1.7215897,-23.36462,-0.8872908,-1.0768403,-4.8407507,-16.139284,-10.278128,-21.556383,11.558072
62,-4.0871096,2.7306876,-4.483727,-3.5047522,-11.850801,-1.5714899,0.11941886,-4.630407,-4.642545,9.130585,-1.381179,11.727755
63,-9.6262865,-7.2723193,-3.77673,-2.4664388,-6.046513,1.5891597,-1.4773834,-4.023105,-5.492538,3.33975,1.1779889,3.0724664
64,-13.255794,-23.750145,-9.519264,-7.366128,-6.704704,3.3583765,-8.613955,-9.994126,-4.990701,-0.50824064,-13.057199,-10.533242
65,-21.398914,-30.277225,-10.797584,-11.64155,-18.790428,-11.128373,-9.993588,-9.059695,-12.975857,-10.358945,-21.865297,-20.089687
66,-10.215872,-10.853822,-15.131658,-13.814823,-26.342983,-7.9348645,-11.341947,-12.525849,-4.483626,6.091477,-14.604813,-16.361362
67,-9.222131,-14.506706,-4.1661973,-10.0881815,-16.302422,-3.9655225,-3.7772982,-8.7624235,6.6074934,20.455908,-5.048982,-11.644787
68,-5.520145,-3.626677,0.6465527,-3.9565113,-8.159422,2.1528583,-5.134938,-5.4107404,-1.2857699,-3.2355704,-15.908639,-8.280428
69,-8.269192,-11.245479,-6.6635118,-9.58864,-16.27914,-6.7153125,-2.7082446,-9.509461,-11.264961,-21.209488,-22.692955,-16.903885
70,-7.4301996,1.5697273,-12.969971,-8.800689,-18.460629,-14.978142,-1.7414516,-7.5766373,-4.7913475,2.5010085,-19.183943,-10.049138
71,-1.4033916,1.9241322,7.114913,1.8555933,-1.9325126,0.5981562,5.908195,-0.3250978,1.8273346,14.108868,-12.675924,1.8800097
72,-4.5114355,-10.301148,11.095563,-0.044604626,0.99437517,-2.0149806,1.5701618,-0.7691693,-0.6592978,-9.850617,-5.5508933,-0.33088088
73,-13.208885,-6.995718,-11.737898,-4.0418363,-15.69488,-16.858215,-5.591731,-9.23997,-7.406431,-1.4255255,-33.569874,-9.669989
74,-7.137918,-13.142735,-3.291302,-0.82226855,-9.457824,-6.4522457,-0.23354147,-4.9215245,1.6707939,10.463504,-20.49519,-2.1998348
75,0.019310167,4.7270813,-4.27692,2.835828,-0.99233013,-5.2712693,-1.8676615,-1.0210215,-0.6277354,-14.95241,-6.9348073,-0.99646413
76,-2.3737419,6.5852203,-5.285907,-3.3763793,-13.522008,-11.157097,-0.6649676,-3.5721245,-7.1667895,-2.7785103,-20.137632,-2.0963998
77,3.4113753,-1.9889189,-3.8950984,0.5476845,-7.929011,-6.4182696,7.1478267,-1.0121145,-2.3417268,0.6480816,-12.7210245,-3.662388
78,-8.877897,15.630302,6.2391915,2.8728375,-2.378158,-5.3949704,3.7638786,2.479553,0.34773052,-1.5114894,-1.8719369,-11.103425
79,-7.4692016,13.621421,2.1962876,-1.5797701,-2.012801,-7.6097355,3.9124718,-2.9452827,-6.927677,-10.201223,1.5142694,-8.165117
80,2.0251017,1.4481903,6.171311,0.88709044,0.18189852,-5.089625,5.5559254,3.694996,2.8856137,9.778877,7.7019067,-1.1216676
81,6.7006936,11.036743,14.230925,7.383539,17.878635,4.9887724,4.556176,2.2844942,8.658938,3.0100079,17.436867,1.4110963
82,-2.9797199,5.5289106,9.725726,0.8781586,13.546527,-0.53304976,3.5318708,4.2576284,3.8900864,-12.012505,0.06205927,-3.9775634
83,-7.786744,18.565409,3.2154093,-3.3942404,5.3931394,-2.0834637,5.473459,-1.6991622,6.9700484,-1.5989525,5.247688,-0.4087838
84,3.6313562,10.907891,15.007889,-1.2430563,9.6186695,6.5955863,8.546785,3.9427261,9.298858,11.794294,20.485933,-1.9863902
85,6.671526,13.561765,18.41533,1.0003754,16.68666,4.517174,10.360959,7.1505213,12.649852,7.428024,25.235867,0.8774513
86,-5.9257264,8.60116,3.622488,1.5075928,3.7951872,-1.7356277,2.8360722,3.7813191,4.210983,-6.7697153,15.220212,-1.8648567
87,-10.239881,6.213973,4.4548693,2.8449202,5.1361084,-6.9698644,0.9920178,1.9699458,3.2374756,-0.22904809,9.088308,-1.4948956
88,-1.2219144,11.448901,8.351604,-0.6696635,9.937005,3.7920415,6.193058,5.080404,8.493796,8.852663,18.465729,1.3463306
89,2.7614172,15.913783,16.521774,5.294245,10.831579,2.7327967,12.073488,9.267322,10.385383,16.021355,12.255108,2.5529249
90,-6.7109504,10.513688,19.70588,2.2197068,3.680072,-7.8668947,6.177279,5.446637,-0.55148035,-5.7559233,3.4175417,-0.86485034
91,-3.0392413,17.070864,14.636305,-2.7868016,-16.248596,-11.376315,10.227973,4.011322,-6.4163966,-13.537199,-1.514289,-5.590619
92,-0.45670658,4.7834277,13.653609,-1.982656,-12.151749,-10.389158,3.1759822,1.5129833,3.771131,1.5913976,8.550052,-6.0940614
93,-6.0814404,1.1744487,21.049047,2.3032463,1.5903652,-0.82382995,4.7842135,5.5037246,3.8781614,3.5433967,3.4698608,1.2299129
94,-15.887108,-2.4195933,3.1021407,-7.969147,-1.7395971,-1.5050364,-5.0302525,2.8636475,-5.0712833,-5.1718016,7.978928,-4.328881
95,-6.7842073,-3.8756201,-10.725703,-2.061554,2.4030707,5.6075454,-3.2349064,2.762718,2.73444,10.063875,17.130957,-4.7874413
96,14.007991,-14.6111965,9.254103,2.0037513,15.107161,23.728148,5.927754,6.3326783,16.837015,17.10147,39.55283,4.640832
97,14.559248,-18.40014,-0.46609652,-3.6730185,17.315924,20.014856,-7.508786,8.386906,12.130397,6.711899,31.545076,-4.0282216
98,6.1584806,-0.8589202,-8.351837,-2.265828,4.4706955,14.593132,-3.3458304,2.8516765,3.8758798,0.19161673,21.09208,1.5625006
99,2.612944,-5.951035,-9.119665,-2.26974,2.8972774,17.300314,-2.810443,-1.5253733,5.1863456,9.540311,14.81057,6.8736
100,-2.1914165,-5.2841325,-3.9501228,2.1159945,10.050375,16.852486,-1.6776856,-0.19548614,5.3661046,9.830078,13.576278,1.0221851
101,-8.90678,-30.579647,-3.232233,-5.238681,4.0673313,9.21331,-2.5122106,-5.276772,-0.7326152,-4.070611,9.5338745,-4.936318
102,-14.3819895,-29.598166,-9.583823,-5.953472,-11.484509,0.3818374,-3.6856217,-7.591647,-9.483676,-12.21128,-2.9360514,-11.141665
103,-3.3811677,-13.483062,-13.484654,-4.3148384,-10.356897,-0.32453686,-4.029918,-7.8256288,-8.38516,-10.679,0.9195689,-3.9169874
104,2.4669795,-2.7337322,-9.232793,-3.1678247,-0.087099105,2.1234744,-1.4911646,-5.738258,-4.4049735,-0.99107796,7.533311,2.6311667
105,7.5111814,-1.6814154,-0.7576689,-5.9742727,11.467531,-2.8255951,-1.9025245,-6.3207684,-8.067927,1.2085414,-11.336815,-3.0218852
106,5.9031186,-16.038559,-3.887467,-0.66671556,7.477338,1.2687696,-4.842386,-6.1174083,-4.9126654,-6.392186,-16.063879,-9.12502
107,-7.6749268,-15.032764,-11.84739,-5.1168118,-7.1977105,-9.829033,-0.77417034,-4.806609,-6.8482904,-12.589143,-7.767998,-10.618771
108,5.080779,2.222035,-8.514054,-2.6334689,-4.9503374,-6.1949253,-1.6694899,-4.7562776,-12.507389,-7.7303476,-7.1017714,-5.290575
109,0.19272155,13.095991,2.9714463,-0.02115144,8.532719,-2.7652285,3.51726,-1.8963156,-6.952436,-0.14785409,-17.976727,3.269103
110,-2.5697255,-4.3150377,5.1273704,1.1055723,7.2844553,-2.4584577,3.1815856,-2.4474244,-1.9626156,5.631246,-4.2394824,0.49171162
111,-8.580681,-19.200367,-2.4311142,-5.206365,2.175775,-2.199486,-4.678596,-6.0327535,-3.1404483,-3.6724362,-13.583706,-6.73041
112,-18.219017,-16.549068,-11.874109,-4.7991023,-12.968736,-14.81096,-4.7711997,-4.756725,-12.104669,-18.129421,-21.563965,-15.059591
113,-13.209275,3.1689045,-11.844026,-6.375706,-9.5599375,-14.611782,-6.834121,-6.727738,-8.65332,-2.7139175,-22.186409,-11.63566
114,3.627008,5.4995294,-2.6830437,1.8949586,4.9865794,2.4383302,1.3185897,-1.6771297,2.05873,9.739297,-2.1674693,-1.0471449
115,0.7208905,-0.9202182,-5.468288,0.78309256,11.487783,2.0907729,-0.46707898,2.252867,0.3323811,0.80173045,-3.1793077,-3.8360076
116,-12.435583,-5.13261,-5.982583,-1.1130803,-3.8627248,-5.946438,-5.9622893,-3.708523,-9.398902,-3.111838,-11.394245,-9.963648
117,-8.123718,7.9017825,-10.433374,-1.5945506,-15.702885,-10.748731,-0.044772338,-4.2155094,-7.1960883,-1.6744308,-6.710981,-0.6774684
118,-0.30565384,5.84706,4.0119643,4.063905,-6.349192,2.4763992,5.1441784,0.74944115,-3.1750169,12.426172,-0.48629063,4.3984594
119,0.8112987,1.6012312,7.362852,0.9198936,2.0052545,5.4938264,1.6187224,-4.4315825,-7.5781484,-5.9114294,-8.397144,-0.72326565
120,-6.456868,-8.223604,-3.3879468,-4.9085717,-8.652374,-4.1096015,2.0379958,-6.3923554,-14.851353,-15.952107,-16.46399,-13.798042
121,-7.773528,3.3483884,-9.9256735,-4.6677904,-28.33919,-1.6918131,-0.40641448,-10.34214,-7.8985395,0.39479095,-15.663382,-6.4096036
122,8.429323,9.005092,5.7976513,4.0302186,-13.4042425,10.0542,5.9573345,-3.8545983,-1.8595669,9.815792,3.2307146,-2.7910025
123,0.61834884,15.110323,8.912063,2.3951027,0.023006141,7.5382214,6.873933,-0.6858954,-6.440802,-3.6950314,-11.881885,-1.7640736
124,-15.32552,4.6981688,-7.6517034,-4.76798,-9.184399,2.028552,-0.42337346,-4.5359,-11.533769,-7.4049463,-20.578613,-11.174593
125,-11.839497,10.957212,-5.9559493,2.3348036,-7.8077188,-1.9834942,1.6792327,0.07638657,-6.234794,6.1585546,-23.013704,-1.152521
126,-10.548732,-1.8670222,1.6504865,4.850797,-1.5707996,-2.0814135,0.7257929,0.1679955,-3.6634543,-5.650286,-9.010507,-1.8152932
127,-10.499532,6.64276,-3.4001887,0.88775563,-0.7652108,-3.0189636,-2.4399648,3.6752186,-8.253115,-2.7814019,-13.638381,-8.381212
128,-9.716659,0.2559347,-1.2994179,-1.3647523,0.64450896,-7.6809926,3.008916,1.1684766,-0.8895211,13.625585,-14.050785,-3.7581377
129,-2.273902,9.220596,1.3608291,-3.1435056,3.1373696,3.8629944,0.10688473,2.3007703,2.7422495,5.7611175,10.601322,-11.035095
130,-12.586202,-4.172935,5.619999,-0.2885551,-1.0677816,1.3928658,0.50541437,-0.025470983,-1.2011701,2.806611,9.591217,-3.3086948
131,-1.8981457,-1.476687,-2.3763661,2.1461647,5.300913,0.23829335,4.803663,6.047434,-1.6594366,-12.167448,4.6724324,6.5794673
132,4.626533,8.933144,-3.5550165,2.5907092,3.8767428,7.0854278,6.166986,6.6944036,1.0204031,2.172675,15.318536,2.9481025
133,-2.0075562,18.086016,0.74430674,4.3206983,14.231648,10.526473,7.8005724,-0.716841,2.059047,9.479458,24.576097,2.9601035
134,4.420529,-1.0495003,10.655772,3.7765694,16.014177,8.805277,4.5290217,-3.4413624,-3.3734186,-13.381887,17.880499,-0.6855056
135,3.3654897,3.9225578,-11.266559,0.9795381,-3.6463974,2.4625664,4.4500976,-3.7895117,-11.099445,-3.8282866,13.051,-1.7839916
136,8.251627,9.38269,-5.4231057,14.292893,4.858184,5.927762,7.4814105,-1.0526643,-0.34596953,11.131921,16.961042,6.2536416
137,9.328944,-9.551336,10.921588,5.726324,14.426333,12.982741,6.7695737,0.1298896,-1.465202,-2.0340567,6.531438,9.0801115
138,-9.276887,-8.163918,-9.572416,-2.7486868,3.2419472,-6.255215,-2.48364,-2.7212622,-15.255884,-19.345966,-13.954868,-1.0505865
139,-10.081012,-1.9543527,-14.441753,-2.9729383,-10.971327,-7.989647,-5.012348,-13.425876,-14.074066,-7.0255203,-19.347805,5.1556573
140,-4.0518913,-1.4857899,1.0887073,-5.302356,-3.8286371,4.4750366,-0.19900496,-8.539829,2.3382876,17.862226,-1.2572103,10.313957
141,-12.196317,-16.78832,6.5983963,-6.1974134,0.780218,7.183407,-8.281584,-0.6877023,-1.1078295,0.124740995,2.4100053,3.138784
142,-10.0799675,-16.675001,-9.625085,-8.125574,-20.59936,-6.436402,-6.609891,-6.0280766,-4.2408123,-8.64168,-14.329618,-6.297304
143,-8.168411,-12.540981,-8.128643,-3.223902,-20.11702,-9.776352,-0.5384878,-4.923107,1.4504695,7.9128976,-19.341597,-0.91976666
144,-1.8199246,-4.1988754,-1.2434429,-0.9118822,-5.1499867,2.6911461,1.7626338,0.8534501,7.489176,4.241923,0.37672377,1.167088
145,-0.26045752,3.6632845,-5.4758644,-2.032429,-5.320617,-1.790826,4.7132664,0.29641056,5.6293344,8.941738,9.034425,-2.3652377
146,7.2766733,-0.71936786,-1.6186368,-0.9169294,2.1653004,-3.3502486,2.6097577,1.5912832,13.304444,20.026577,15.543536,-8.286173
147,6.301882,-4.750095,9.800039,-2.0156322,7.8713183,6.3874016,2.0971742,1.0720702,0.67583674,4.3015532,9.195222,-7.1001782
148,7.369961,3.8275442,-1.8499268,-2.1010702,0.33734986,-4.7152753,3.2632422,1.3976674,2.4600348,1.6414703,10.010696,-4.530317
149,18.302382,13.689874,6.4196014,4.2840347,9.010202,4.981762,2.4401512,6.6854916,5.859009,21.99019,5.9873877,-2.657925
150,13.341965,2.1011682,18.06569,4.975118,20.700575,11.533381,6.452967,10.537044,9.212104,15.387574,25.861446,3.0542738
151,7.875826,6.384924,5.3305807,-2.6177142,8.603207,-1.1893207,-0.24180649,4.881151,3.7838726,-2.3541925,4.612056,-5.345354
152,11.96015,9.323448,3.3715599,-1.9386007,5.318311,1.0989553,3.8653686,1.3139646,3.1257105,6.789388,17.4995,3.0011911
153,21.494106,11.234485,11.792109,9.1531,14.559001,9.788095,4.3553376,4.629334,13.116617,15.866874,35.28317,6.3900557
154,8.790004,3.1045032,19.15907,7.6670146,18.696991,10.137796,0.33104074,3.4325094,7.690853,2.309366,23.585764,-0.48338896
155,8.392965,-13.137521,4.851518,0.7247213,6.8373575,-0.38095748,-0.14786668,0.5678885,-0.077901736,-15.593131,1.983718,-4.9092646
156,10.844585,-3.4321697,-2.7799098,-4.0939746,1.0739125,1.3258774,1.3166358,-2.6143339,1.4234416,1.265841,12.859648,-2.5751948
157,13.164398,14.645576,10.738411,1.4050474,12.603827,6.327219,6.033393,-1.1531932,6.025735,13.291765,20.64861,1.8844824
158,15.7755785,-5.921894,17.539915,2.2271385,20.075241,7.907298,1.1978698,0.14861856,3.7273562,6.115575,14.602116,5.3793383
159,2.2373078,-11.682751,4.3155184,-2.6572723,-0.5595085,1.1045144,-1.9803495,-5.874154,-4.01891,-6.9553995,3.5693111,-6.3730702
160,1.6194322,-11.705068,1.9457344,-3.6453784,-11.256833,-1.5866917,-1.4303322,-3.6837459,-4.4213576,4.1299186,2.6059923,0.70141363
161,5.2881455,1.5829672,4.405013,-2.2514591,-9.613082,1.2291497,-1.432998,-3.588702,-1.6187656,2.1068254,-2.4882379,4.6086655
162,7.3704133,-0.21021473,13.393632,2.3372135,4.0803833,5.040315,0.52360874,0.023050368,0.1574337,1.4737539,11.832344,5.7042665
163,5.112499,-3.0089748,0.04539161,-3.2387702,-1.8507742,-2.510784,1.1280489,-2.940877,-4.265341,-14.548225,-2.7643607,-5.077959
164,-2.2481356,4.0574427,-5.2600408,-1.2483737,-13.178479,1.5254441,1.350148,-3.7577448,-6.1501274,-0.20509888,-15.169855,-4.2982593
165,2.3371525,11.671576,-0.013915608,2.2762089,-1.7662963,1.9079473,1.9564649,-3.4343941,2.2079542,6.193716,-5.549572,3.3157456
166,2.2854514,8.13417,4.0349,0.64215446,13.198863,11.657372,1.4880439,-0.94683117,2.84594,-3.8117957,5.647706,0.67417186
167,-3.6648605,-0.5182195,-1.8098373,-1.087685,6.0738764,-0.9305568,-3.6919463,-3.6507459,-1.8482834,-13.276233,-5.1218424,-6.881238
168,-8.023842,3.9148648,-22.95299,-6.495116,-9.465337,-9.649415,-6.77868,-12.252275,-9.807878,-5.8015814,-20.249218,-1.4193926
169,-2.93845,-2.5394475,-8.625735,-5.062858,-3.2804422,-5.078352,-0.07691875,-6.3996563,1.012291,9.916052,-6.453837,0.27457684
170,-1.072975,3.8112016,-10.003798,0.38834482,10.909938,3.7118604,-3.8659015,-6.955797,-1.9303088,-13.053707,-1.0632808,-5.069916
171,-7.108724,-1.9650186,-18.02218,-0.61404955,-1.6955823,-9.154967,-4.2415166,-9.086558,-7.135332,-21.004084,-9.358838,-8.8067465
172,3.645528,-1.7341741,-16.04297,-5.8603144,-6.7961636,1.7451677,-0.40762284,-6.6864376,-4.70594,7.807357,-21.899076,-2.634005
173,-0.35497117,2.8633175,-3.2415922,-1.3451753,6.106014,-0.05455394,-5.855635,-5.0566497,0.3426494,1.7149221,-1.8991278,1.3087518
174,-3.4023566,-1.9172264,-10.482309,0.5780795,-6.9717836,-5.336845,-1.208734,-2.6787965,-0.5048154,6.1897273,-21.082823,-6.29945
175,-6.475174,1.0536819,-5.469713,-2.8677855,-8.894484,-5.576264,0.6067053,3.681593,0.0158541,-4.279872,-7.6220026,-3.2868996
176,-9.5775585,6.8374043,-4.479886,1.1103281,-14.52256,-5.7765293,-0.6923996,3.5468817,2.162822,0.9521796,-6.3600445,-6.141192
177,-10.359208,-0.90256876,-1.2680527,1.0130633,-10.051332,2.9156325,2.0538688,3.35566,8.734376,17.420944,5.086366,3.5217347
178,-6.417231,4.7042613,-7.073975,-2.0717752,-3.675904,-1.2823083,-0.25368068,5.9926634,10.177316,-0.3287922,11.953328,3.0593004
179,-0.9030022,14.116621,-6.2779813,-2.4360104,-2.1054332,-1.7580326,-0.84491205,5.3340096,9.247453,2.118545,6.1542573,8.686283
180,-0.2985233,4.741704,-1.1877909,1.6679636,14.143456,6.835436,2.6341121,5.0878015,12.209437,11.880799,20.52536,11.2192545
181,13.549514,11.369118,3.1800084,7.843994,16.618639,4.5910745,2.0398026,9.4194145,9.460947,7.35375,16.522316,11.622296
182,1.5256788,9.891421,1.8228514,1.7920895,3.6893673,-0.918556,3.3684402,7.024942,-5.351996,-5.543075,10.68582,5.9137564
183,10.593643,19.837683,9.218916,4.659438,-2.2900424,-6.9859076,3.352565,6.8591127,-2.2907841,1.2654047,10.161424,11.682377
184,24.543064,19.1552,14.253655,9.941711,14.179806,0.015317062,11.622228,11.23141,4.4797235,3.7944722,-5.0666146,18.259468
185,5.3153677,5.587985,10.080043,11.002356,7.194595,-2.065457,1.172593,8.911261,2.2077613,-12.74204,-1.5054961,11.617443
186,9.849299,5.584652,-5.9885726,1.9915361,-3.227827,-8.129728,-0.77276427,4.476712,-3.0356936,-2.9856262,-4.588723,-3.5948195
187,0.12592569,6.6875305,14.285009,9.531853,5.30411,3.1326525,3.403233,8.094909,6.4881077,8.910057,2.8160114,8.883325
188,7.358941,7.7989454,11.429752,3.077167,-0.18844473,-1.1920805,-1.7816521,12.217073,3.7770963,-6.116565,9.146078,-1.1824721
189,0.7203801,1.9547346,4.482567,4.992124,-1.270733,-4.370429,2.299401,5.7524896,5.3925705,2.928638,2.4417505,2.696964
190,2.5541742,-1.876171,-4.2587957,-2.625988,-6.190081,1.4396814,-1.3820643,4.8409443,7.087038,-3.4773679,1.8181438,6.40709
191,1.536525,3.3323548,-6.125318,1.5381829,-3.7082605,-7.532928,3.6313188,-0.18502988,6.3566046,4.927886,13.798651,3.4260533
192,14.955664,15.906382,2.3906217,7.7133083,8.409196,4.626539,2.179011,5.979676,9.2483225,0.60254914,28.385098,14.498749
193,16.182892,11.743533,3.7133996,4.774003,20.384644,9.025736,6.572965,6.9168243,9.6020565,11.520238,33.24517,8.966734
194,10.275382,-5.5645013,4.3608603,4.2643123,21.71496,5.035225,1.131281,2.9233613,3.8673987,-0.9802552,13.576661,-0.34418336
195,9.638436,-0.3530137,3.1565373,-1.014323,17.277288,7.4549417,-0.33961907,0.106692135,-2.6865885,2.0748522,14.397735,1.6214349
196,8.371768,-2.7683518,-18.448824,-2.6033173,5.5767074,2.306912,0.24102798,-1.2682809,-6.3942094,-1.7977594,2.671615,1.6347398
197,10.76478,-1.2066045,-7.468583,-0.19071758,4.166072,1.575442,-1.0315907,-3.1394427,-2.7545428,9.085865,13.694418,1.648375
198,3.4495685,-7.3289094,3.3967273,2.398576,6.795022,6.9061885,2.4180644,-1.8244128,-3.8777251,-4.689895,8.359883,5.687713
199,-14.760839,-13.544383,-12.831019,-6.83673,-8.725764,-7.504365,-0.9436932,-5.9615664,-17.744953,-19.403872,-12.721654,-7.2310324
200,-9.021653,-13.225233,-12.3898735,-7.2454667,-24.559387,-15.164107,-1.7566267,-6.147472,-15.450387,-6.1926126,-26.208952,0.013950785
201,-0.8691954,-10.97838,-0.46519744,-3.5017872,-16.046297,-4.0759845,-0.3485457,-1.6116358,-5.824699,5.4756117,-6.7840095,5.807668
202,-10.875401,-10.86035,10.687448,-4.0670967,-22.845013,-3.4473503,-1.8200482,-2.3278499,-1.8953822,-13.943005,-4.441934,-5.508445
203,-12.2126665,-11.943938,-2.5371609,-8.094749,-29.450357,-15.086101,-5.802347,-4.5759964,-4.4058323,-3.5287013,-25.335423,-4.4356265
204,-22.238243,-20.479286,-5.9163566,-5.356438,-24.957315,-12.515183,-3.1253016,-1.9190667,5.1633053,3.0660548,-15.895175,-3.9490156
205,-17.38215,-15.505112,1.1996036,-3.0711923,-15.9389715,-5.1788597,0.7543024,-0.8228436,6.0271506,2.5974264,-5.033974,0.29461798
206,-2.6734772,-0.65787566,8.313654,2.18084,-3.1615858,-5.7768965,2.6246378,0.13961293,5.6750417,15.656724,-1.3546392,1.4366539
207,-5.994318,-4.0869966,4.358188,-1.1577338,5.0827107,0.6762045,-1.2010287,4.5905695,4.711404,3.2403386,-1.7560838,5.5004635
208,-5.747007,1.4849238,-9.742069,-3.389569,-2.463366,-1.5874538,-2.1658847,1.4936893,2.54877,2.487477,-15.9266615,3.7999415
209,-5.576408,2.6409256,-4.6289444,3.8252661,4.7241535,5.3712344,4.276744,2.4395237,9.641482,12.676286,-1.8919932,8.095312
210,4.968232,-0.5282715,9.751389,10.490013,20.46,10.848035,3.7750041,9.39756,11.080876,1.7609648,10.792143,13.14143
211,8.72579,6.6396894,5.607165,0.090593144,19.69362,4.578186,0.5833205,7.0578322,8.420985,2.32708,10.712244,3.6455734
212,13.702346,10.097611,-0.8500198,3.1404347,8.31284,1.5221239,-2.3238003,5.5385194,7.8836603,1.2804221,13.923513,6.5717053
213,23.288822,11.764317,14.493338,4.3922133,19.306973,8.427435,-1.1170818,2.8156838,14.491176,5.8737125,30.631294,9.805588
214,28.45376,12.204153,17.059555,5.4473042,25.053364,13.278299,0.12694976,4.899391,16.605143,8.967344,35.284748,6.9860926
215,12.645294,-3.6814048,5.7728057,3.8458676,15.069164,8.778387,-2.894218,5.374981,8.563441,6.837541,5.760213,-2.7295978
216,-0.19329919,-2.408137,4.769011,0.4082058,7.500457,-3.6128142,-3.0480955,0.4938447,3.008654,4.3586774,-9.3041935,-4.8716655
217,-2.984469,-7.475262,6.3556075,1.8134358,1.5932136,-2.2245717,-4.1480894,3.6309345,4.8610563,4.586462,-15.448701,0.4979797
218,-2.7345743,-2.8512876,8.979877,1.0163617,-1.7391313,-3.4482548,-1.2580771,1.5576934,2.8125734,8.009161,-8.097948,4.336721
219,-4.452524,-9.61493,9.001862,-1.5493914,0.90347517,1.6829247,0.49835238,9.459648,4.900007,-4.962709,1.527758,3.555181
220,-4.6158257,6.116331,11.1940155,-0.03139957,-2.3710444,-0.17135422,3.0406425,8.204478,3.4940774,-2.7400563,9.56427,1.069525
221,-5.2934494,5.8303833,10.294606,-1.6547607,-1.118111,3.2870667,0.7540221,6.9422827,0.21650313,-7.3624034,12.661347,-1.838482
222,5.4300222,8.292032,5.254589,-5.1836376,-2.8530664,-1.7145816,-0.8769835,-0.94388306,2.9389148,-5.7028704,20.491488,-1.397488
223,11.9461565,5.2500496,9.372514,-1.0858369,-6.9480047,-0.30005684,-2.0875885,-2.4300704,7.2175016,4.429332,31.022598,0.21387777
224,4.729198,-4.759047,22.782019,3.8429353,10.974489,12.001754,0.39015666,0.35014462,8.099177,6.592835,34.066994,2.2694104
225,6.5391,2.3526816,18.419928,6.101232,21.240604,14.747175,3.1509264,0.717997,8.532613,2.8936653,27.820215,3.4386575
226,12.063183,-2.9812431,13.8973055,-2.6733885,10.855992,10.474501,-2.290803,4.3246517,3.5846567,-3.166489,19.399054,-2.1690524
227,9.409761,18.014235,11.309809,-2.4473832,0.85950047,-0.59781015,-2.1104877,-0.5121103,-6.639757,-5.3838897,5.637986,2.0765712
228,15.311883,13.699944,15.426553,5.5690722,14.554845,2.2428532,0.97011906,3.1615732,-6.8544374,-13.99764,-7.018158,13.912794
229,4.041375,3.553971,5.1370764,2.9346266,12.793372,1.7766393,-1.4229149,2.4745195,-8.917513,-5.94229,-22.24462,5.660486
230,1.5694147,4.458549,-5.0697165,-1.5979571,7.5199823,3.2765536,-1.4624088,-5.319046,-13.215004,-7.8472342,-20.968622,-3.8601959
231,-8.020745,-13.543378,-14.997017,-6.203788,-7.8092284,-3.056187,-7.5351114,-10.511863,-14.291671,-15.25477,-28.029255,-9.899466
232,-15.800718,-6.3216176,-23.179197,-10.570496,-20.930395,-14.552954,-6.596023,-11.177926,-15.336167,-12.2212925,-32.458393,-11.03891
233,-9.682937,0.71091384,-26.171986,-4.170719,-14.22764,-13.288065,-7.2498355,-7.9848866,-13.939092,-11.70878,-30.69346,-4.605926
234,-16.168318,-12.888479,-24.917442,0.8979956,-10.036615,-4.8509164,-6.976765,-6.321455,-9.099069,-10.358425,-38.00584,-6.4455137
235,-8.041448,-8.487519,-17.936935,-0.7800507,-11.100095,-3.318783,-6.0336385,-3.911717,-4.030591,-5.8708115,-24.41796,-5.716024
236,-17.72821,-14.598619,-24.895626,4.7617736,-19.979637,-6.6140075,-5.4347806,-6.6007233,-9.593855,-9.095109,-30.771534,-9.34547
237,-13.073842,-6.073611,-8.351556,2.7390194,-15.058359,-5.145943,-3.3795063,-9.369622,-6.7145205,-0.6671954,-36.31096,-3.518809
238,-7.930819,-4.9178057,-10.074766,2.6203773,-13.458377,-2.8154612,-3.1720767,0.72085434,4.3957963,9.7968025,-10.949037,0.41162774
239,-7.2507753,-6.0238013,-15.980742,-0.17639814,-12.200883,-3.688465,-1.9107116,4.7891774,4.9965773,9.454753,-14.165567,1.9915258
