Timepoint,12,13,14,15,16,17,18,19,20,21,22,23,24,25
0,-3.8759634205174622,-3.5967790770287418,-2.82437333350583,-1.6999287358200064,3.0938428968799356,2.0164304392374293,3.842117260039157,-4.812644818607642,-0.9034029269705013,-3.021791966251877,-2.351894283477141,-1.1013067249132662,0.8519953920372895,-5.619551444540218
1,-0.972466629682755,-3.1251732783049953,0.690256771992664,-4.238158711365291,3.0733110201354994,1.0531259279470055,4.155465079813587,-4.277498568921369,-1.844544730624374,-1.5580510862019596,-0.828845707129459,-1.7419386715913305,-1.8306545426650924,-6.490030674301848
2,3.404439087729065,-2.7509936413594653,5.310515889099666,-3.2473306452133217,2.1256374509967104,-0.4642466630558578,2.767624366192185,-1.9054478844817804,-2.84806512022505,1.440634937918916,1.5511631892651927,-2.5000385106826317,-4.969408197062356,-4.218912143488319
3,6.442063799622107,-2.410480156844976,7.601794782949954,0.294400941352455,0.9232709359149543,-1.8832022865511933,0.12269141783519667,0.5995187633195702,-3.304021784541558,3.905516759169345,2.5489274083959814,-3.7337179488065293,-7.0666252642261735,0.28127018529541636
4,6.314220742911709,-1.388393528607427,5.64805375921483,1.5919899180227397,-0.008633748609192518,-2.085180180717488,-1.9987831334678494,1.7272433081299674,-2.4091642170536276,4.073042172558454,1.3126253364037495,-5.229337439245107,-7.153767915404573,4.494237238655285
5,3.70700580277005,0.43426749446638385,0.7013885561300783,-4.1686890100946234,-0.671041873340704,-0.14871584760899448,-1.7359915783210678,1.5739291419788284,0.11310890985994923,1.7022833415136045,-0.854657460840381,-6.0334890192868755,-5.386320293557887,6.341686458003764
6,1.1312847830811326,2.0204207786187833,-3.968693331188085,-16.611384049970276,-1.3171792054662899,3.570458862246299,0.9953522421799752,1.624182115099868,3.536266334202825,-1.871381332527618,-1.853121677223517,-5.077251267372345,-3.0097446149709275,5.746914468857707
7,0.657464301859846,2.2238148876598904,-5.898929584391263,-28.553625136613846,-1.8772704881064746,7.092403487283356,3.9131230578130607,3.0506917556025543,6.393675711994269,-4.7095628624059716,-0.8365621949945178,-2.1078973034282726,-1.6834402631740182,4.3028446362943065
8,2.145064781120579,1.3271829957256511,-5.252191241906614,-30.585410136349346,-1.8252028895884145,7.9931400400035235,4.0545660707415365,5.230309535654223,7.321844053625757,-5.47618223962431,1.076240966438639,1.9023890367576055,-2.4450229041430416,3.484990829411818
9,3.5303644744717344,1.0666917659798447,-4.062477328035296,-18.83004413910058,-0.7858635285223017,5.394667996131644,0.5035093730809738,6.076394516594556,5.80974970058519,-4.114546140237731,1.9693345032176193,5.265548096019394,-4.879759227134744,3.254933945378479
10,2.8133814870094764,2.689476333710612,-3.908038627128212,0.8255500793457031,0.7073687120359771,0.9153377121808578,-4.455963744192707,4.026459270442019,2.3181320012223963,-1.7012779767415962,0.8272203351085892,6.622389977151642,-7.145907410553524,2.4398997712652295
11,-0.11513435293217095,5.041932910528718,-4.4286158504534745,16.465572010497656,1.263930461996672,-2.5794679877984965,-7.173506677758937,-0.19852083556506098,-2.1376311371521073,0.33610450499215905,-1.8838302355487735,5.744100312493285,-7.10001479484597,0.41902956305717937
12,-3.4025594481095975,5.154372216487418,-4.019551994241014,19.384515331715953,-0.23284138222129977,-3.4746494173851548,-5.959245998032239,-3.867385773558398,-6.402283534407616,1.1430203209117966,-4.97298136140619,3.577566759622827,-3.9129103957390297,-1.717978064198883
13,-4.854971415534312,1.3233558813832245,-1.7308818904721006,11.02622293209543,-3.3212455924676387,-2.768993905916506,-2.692873168052459,-4.446388441841213,-9.264343972717013,0.9192564682084687,-7.450873683909981,1.6090638047578383,1.079129198984224,-1.8634022595931072
14,-3.7303710446065788,-4.31271866997894,1.6906601845153741,1.3627764108229656,-5.838661079504052,-2.84863980570618,-0.9774254791590632,-1.744881384987004,-9.47715987782089,0.5986730529337513,-8.642796037148456,1.0117028722805637,5.194199593091498,1.1122035387219216
15,-1.1925136075944316,-6.833972721683736,4.551810780350043,-0.03153235085156499,-5.422244295781972,-4.795137265507056,-2.5372705315144692,1.9961603813025417,-6.221012513248288,0.9253522236736453,-7.85188365894921,2.0461892943297113,6.449763847553,5.96081803404555
16,0.7978378692451789,-2.948594110656758,5.732226088338969,7.728371544760101,-1.5220498138544512,-6.995668773748437,-5.490188762165454,4.123957109694579,0.01503645902385517,1.6839822196230596,-4.624752722984674,3.9727465075497723,5.138308115151464,9.65605543766703
17,1.074694575703874,5.258287339794393,5.308274254506948,16.588767049263936,3.870670160055351,-6.671238854831579,-6.368441342319152,3.7636009418234533,6.9483469675998295,1.8382702074488815,0.25529859382279063,5.499893740807869,3.4223839914312166,9.55691381042101
18,0.028468533438079213,11.247121928905955,3.847502521030149,17.329197423798696,7.5898421342883795,-2.9627888762221044,-3.910093817175651,2.1632917401741962,11.329505107232503,0.5673397730807869,4.328899826322283,5.562776949940895,3.178157170208133,5.320635478107297
19,-0.9358984669860528,9.404441205222795,1.5096776035367225,7.9834353592322795,7.700989036231625,1.5813786326622477,-0.6445668162587954,1.0652960526699922,10.989148407566304,-1.7340661092680327,4.795460030132411,3.993460475182047,4.099018444820326,-0.9319844130350619
20,-0.6629995290113955,0.16370368368771612,-1.8147349996226174,-4.772395785517839,4.891978423206174,2.9009047101955026,-0.4087827956798125,0.8992219354425158,6.672586103521136,-3.5487652627789243,0.9761924241878548,1.600918512259211,4.036924658989419,-6.127907867334327
21,0.7902608854430062,-10.02022751283889,-5.520661826036414,-12.05224219207861,1.6628704240203511,-0.8540113750769167,-4.168331897228348,0.6297505017446012,1.9263441246383044,-3.505036494105446,-4.453839438074097,-0.4733708072073606,1.4543212755602233,-8.093186107369101
22,2.1756639763408776,-14.06661145906059,-7.865707365833983,-10.503673443228614,0.10567145961887982,-7.309512721032513,-8.504412998350299,-0.7411078536997036,0.6545115989081713,-1.6891615399900748,-7.183172721035627,-1.6590316633180695,-2.4086211316135464,-6.4813050189796755
23,2.011451074055263,-10.165455376007118,-7.029121318641974,-4.1625067774130375,0.2932302428894125,-11.631208999804697,-8.613459533650657,-2.7753154988191566,4.019328057765961,0.30819264723330125,-4.853464790752956,-2.341691798701578,-4.101085471863649,-2.5452506834146926
24,-0.1921083787266089,-2.8121234911246873,-2.854609043014293,0.5538546284850763,0.6298261966024127,-10.555291228148402,-3.0441082335856495,-3.905977721421086,9.257504159394575,0.7592012979546372,0.7465135357817825,-3.347899158390201,-1.1723399302180932,1.664943898761911
25,-3.316088473310276,1.7239939205500545,2.535028744108823,1.0391170200036497,-0.3635131275775481,-5.005604476496881,4.591957135468113,-3.163059689560715,11.661478978030535,-0.6726144229879185,5.203712510819337,-4.996812786298747,4.894960793153364,4.12921080905564
26,-5.185049380574908,0.9643043230990974,6.134236652023938,-0.28204762874817363,-2.6193923311574117,1.01467576683784,8.846880195700393,-1.423927007889261,8.345087482917066,-2.679448222171287,5.537766259581763,-6.658930588741692,9.151535714159207,3.6006743576453655
27,-4.09050174878568,-2.390873760593181,6.350925499991495,-0.1433028980177276,-4.725566989305068,4.03282159779753,7.570729515230169,-0.7126821243033117,0.7400609528531834,-3.506279408931732,2.9638872858212917,-7.2988985586835415,7.18805162806292,0.24099546366808366
28,-0.27782382055812954,-4.061932588110165,4.1198030833383,1.1928108395362387,-5.359767031912901,3.7783285805157254,3.902120362130963,-2.128612461138745,-6.338640398669,-2.371216833591461,1.5858147217302907,-6.473392100966707,-0.6907799952492422,-4.223798835764126
29,3.8406858346900163,-2.6778660148990396,1.8490076569878324,0.3455174485487597,-4.439566845796546,2.650569260120392,3.1047448090144565,-4.5297777044529814,-8.389003072466169,0.1896533497742244,4.1777010341079865,-4.751552206825237,-9.066279299405156,-7.295650674980514
30,5.215538796113462,-0.5592412881705225,1.2696353233590418,-4.623934840669437,-2.9458399241676134,2.9302964429466094,7.337730211262801,-5.452366405603837,-4.670809053036631,3.085292096040687,9.170120270276556,-3.1169159892870457,-11.51429646234123,-7.270484089851379
31,2.5009335355491054,-0.3960873485371775,2.1876282387850234,-10.842353800121618,-1.8228300116500076,4.6762590152876715,13.47865570260554,-3.489700232993583,1.369204498067194,5.441277336101143,11.888114700212656,-2.0122023588236497,-5.819293350589518,-4.5062109000828805
32,-2.63709998282851,-1.7678312264686944,3.09515656013878,-12.524968733592909,-1.2126005450073554,6.196441348414032,16.05951437597372,0.21427080156851788,4.871874576016348,6.56502653141411,8.950255201787364,-1.09147304722241,4.250601429112104,-1.2259685982550894
33,-6.526375505084894,-1.4287331166810222,2.77476004800018,-6.441529551939088,-0.7248419018424287,6.215263837226192,12.353329010839973,2.920518208067028,3.0809343797819957,5.574138086669299,1.6139130190927156,0.05693850970389892,12.117364885855695,0.20330525934696198
34,-6.253455095753377,2.9359367921644326,1.2859433604290291,4.74881534460856,-0.2029344363480198,5.285262480682256,4.69750016055317,2.8513829984835217,-3.21636806458843,1.773587425752562,-5.144291108360096,1.1101219501270323,13.618509675138535,-0.8313083901089064
35,-2.011289026056017,9.613187321594783,-0.37417617744329024,14.847450253914813,0.05944556606059172,5.055957232202802,-1.9291503874927152,0.872879437341982,-11.05587528858866,-4.112192954487947,-6.907704333565673,1.1985864517640095,9.730553457627492,-2.7606299799315783
36,3.003012476526961,13.924655354752833,-1.2647864392825536,19.71977594008251,-0.06644942086874223,6.362766959837505,-4.382843082504613,-0.35357346765849057,-17.748633194942865,-9.25435724717622,-3.4163076731623434,0.027423102636726534,4.779433789910103,-3.2714216384884653
37,5.1725093393909685,12.55022958711702,-1.0859380960464478,20.3313804840555,0.06728297836926518,8.221274450117228,-3.493113737325279,1.062002727571799,-22.13327161268312,-10.039504122179078,1.7046469769307546,-1.3417546949824508,2.2895479606730595,-1.3239525618905923
38,3.3736864124633827,6.728868340959354,-0.05806453252325253,20.242245425983352,1.5199372821620531,8.701545223897817,-2.212149413568633,4.427153597072679,-23.972193356679412,-4.929420331302954,4.452063454657185,-1.1726907189099156,2.420748988052412,2.0336528529926223
39,-0.2914643141688133,1.0576551958006255,1.3792739838969952,20.594902953323054,4.5347034484148026,6.687131237010567,-2.212328497700545,7.109055603037075,-22.824041527144765,3.6400771165380674,3.6571730198908825,1.222623463187899,2.9082515385686136,4.664904567660118
40,-2.5459505128008977,-0.871344906943185,2.604509876698864,18.325660870999705,7.71117073662427,2.7801034426202578,-2.5808524659701755,6.928200910286027,-18.035906362898494,10.537091221128192,1.1066954744105437,4.475907660868703,1.8865920061967811,5.098793683003406
41,-1.8785518638941707,0.4323076058407219,2.8170683003809986,9.776752340550326,8.703629464519267,-1.3279304720309315,-1.6311483200715513,3.9832922381405926,-9.946315987985962,11.791470882083688,-0.9217412657275492,6.150566881104392,-0.4780513157649916,3.4394469759902178
42,0.2915993165604922,1.524490406166534,1.4567581871334387,-4.123905561408218,6.123170722504051,-4.172973537931637,0.5617382210128161,0.28933232292837024,-0.7558394427202186,7.733812666669184,-1.842399423523825,4.995414370784954,-2.8368006345568872,0.8498513788288954
43,1.2059871140791445,-0.017065370569423755,-1.1295921528825954,-16.950528991465667,0.9806262370274992,-5.280607126805247,1.8606190001782106,-2.1867102968449497,6.355030586524886,2.4528032772395076,-2.593622888685489,2.2434513863860346,-4.4761190650110345,-1.5602167887347085
44,-0.47667496909900586,-3.114707799590364,-3.5832048487298342,-21.710511280565846,-3.789028355053493,-5.008973107350116,0.3035296528619163,-3.0620181244246814,9.45337131649864,-0.012535878590175084,-3.8172798442597293,0.49335937718955836,-5.826727823335297,-3.265608802133677
45,-3.376307946382737,-4.708106389763404,-4.458269152106071,-17.060264560032863,-5.494053195325696,-4.048846902287736,-3.6436878032222086,-3.2838374072191665,9.399732723528025,0.8523935103903011,-4.739504755759726,1.1428227138762572,-7.258907566265184,-4.028872126219224
46,-4.702560878225735,-3.4383119406957863,-3.4955383417557697,-8.654318872154976,-3.7280846335449995,-3.14331803242771,-7.303345297911081,-3.6584198073464997,9.063238131756686,2.1866239126847713,-4.038188058806925,2.9670376392955684,-7.941743980256879,-3.547105173827434
47,-2.847304492580647,-1.3660895325699631,-1.9224914069078407,-4.141471546523425,-0.5275639368563282,-2.932505262749536,-8.248005093973395,-3.8814676677694124,10.703706158667195,1.1881543178947604,-1.5968347751364416,3.416125853450931,-6.476943863289697,-1.735674904317272
48,1.2056190967559814,-1.7462335478286355,-1.2733325553791863,-6.510067757447155,1.4326855765313518,-3.585138962585099,-6.435479612374793,-3.051918379202181,13.851428487775276,-1.8054847668628304,0.9615101840118973,1.4156315284115928,-2.7926790607827052,0.6771086430063054
49,4.8609761109157485,-5.1823504992893765,-1.808017451240092,-11.974172076400446,0.9615450881573618,-4.409252862322467,-3.9144759418404833,-0.9586300381592342,15.674083923806949,-3.781557824643215,1.6725828007471806,-1.2463742038425134,0.9834586752920734,2.223214959611698
50,6.171698254590132,-8.370674756108498,-2.223320159376884,-14.051944296274867,-1.0170667651964693,-4.120642920537871,-2.6190847219253075,1.3689787089824677,13.55825294523823,-2.483505846552399,0.11704016948232845,-1.5687475739693155,2.0855996766868903,1.789791313969359
51,5.183719175354558,-7.076457159555688,-1.125080654207541,-9.635100443752444,-2.6639080005032674,-1.9803719921987883,-2.6469890755050036,2.4780952741905136,7.594638642607903,0.9227533097169838,-2.1916098655486596,1.476214802576875,-0.19281636026440835,-0.19774249378515749
52,3.297115769313306,-0.5817630248410361,1.1848752848347839,-1.4162311496175066,-2.949783848256481,1.1042154632052597,-2.654559797170211,1.7987514259863873,0.7694105390383272,2.8781108327057896,-3.3022820631764374,5.479950690756039,-3.516842943369126,-1.8575115483634326
53,1.6337559901329937,6.8695723456995825,2.5857509412631696,4.994551886101158,-2.3027207401334024,2.8331833057561697,-1.6385789960622787,0.07165274464962434,-3.230621244226183,1.1434185912414474,-2.6337707358583504,6.571244898005103,-4.575163374217797,-1.4122121309747502
54,0.24989766977271255,9.328210387911115,1.0608915253257265,5.929903022488769,-1.773729449784269,1.3387323942496345,-0.042562528532378525,-1.4693113687087078,-2.6253192963040606,-2.728847104067705,-1.2875166421338005,3.1014003942207413,-2.3383274166559684,1.174516034825724
55,-1.1254616057386204,4.263581952270196,-3.1302830370105044,1.9981498782123839,-1.7567301124942547,-2.9080921146182384,0.8833347749801315,-2.1991346257985853,1.5619249167490978,-4.852310309604722,-0.6930080299474755,-2.550114774582337,0.8127838163351526,4.184018906281919
56,-1.9684238567644237,-5.110886992240439,-7.278608289300179,-3.4459510177982096,-1.6039561653623775,-7.043439999830966,0.5384324205165006,-2.3307136288863055,6.721710949527974,-2.9613836448715656,-1.1038974046479075,-5.949910059267161,1.4167592507235858,5.890147582608826
57,-1.058842786796847,-12.387282641870636,-8.411910198172745,-7.312521278249974,-0.4683961036558054,-7.968941475967972,-0.4366095505882891,-2.198202679960095,10.58181955414463,1.2238860580385948,-1.4671715242522103,-4.605191652263914,-1.5036659338036362,6.304589025828303
58,2.033561269847714,-13.03374083735505,-5.837415199422715,-8.311216497907834,1.5491207921022208,-4.888981831317046,-0.9446964683581371,-1.6133755603615119,12.175648309138356,3.6800066998266443,-0.6471448102775885,-0.21132175502728442,-5.2783907852610765,6.986899547430934
59,5.693297743797302,-7.5657229034268125,-1.6229536314399875,-6.4578364649597475,3.1595202316435014,0.1405331480259798,-0.5300839737970002,-0.1647210705797283,11.476015579639649,2.067391468554127,1.3750636022043776,2.9612152315771247,-6.133872732824209,8.94104776942
60,6.952999133236554,-0.4112260486426934,1.3968015860538094,-2.20164264297607,2.875802029266345,4.172819119326922,0.45310927106409654,1.8781212720335747,8.644759383736824,-2.065066018883063,3.514857254314179,1.9701653755441004,-2.965875885316304,10.786952808803441
61,3.9640464156257864,4.030204703613204,2.111637179188582,3.5086594333454055,0.38350802781630533,5.90129339938261,1.5784751112971986,3.2512027317163894,3.921781623545958,-5.011473554129503,4.62851925285495,-2.277043411926347,1.4716873558200136,9.41750484400866
62,-1.9575854159739552,4.5199260117144,1.774877355414994,8.796355899499387,-2.939496957145783,6.284167554913735,2.883091531845988,2.6322156984587104,-1.8628581081117903,-4.62887041787712,4.4094125792688255,-6.102637506869375,3.2074434666001066,2.948368356696197
63,-6.886115633407417,2.980983937881431,2.381196596184555,11.421376174809982,-4.87303243729533,6.794318256633622,4.479385531070281,0.06056806384300699,-7.050793447664806,-2.17494650458803,3.3128194298063005,-6.502672724577845,0.8836433577294253,-6.760056743816453
64,-7.319982523212627,2.075333294819812,4.569773223935341,10.361510996307645,-3.951986166895652,7.32888666464358,5.826455533048328,-2.6645686310164782,-9.842106581950674,-0.5734862363612165,1.8374303045578073,-3.6619731157409903,-3.0683251211837845,-14.71563984849015
65,-3.135569743051821,2.8921978989121864,7.094654462471301,6.788184572239311,-0.5801143553488108,6.162068457019572,5.802577880268195,-3.2592165946808396,-9.503237670781662,-1.2304225077434463,0.10625127991851495,-0.41089060355205925,-5.022611445006059,-16.44298891327819
66,2.2377829478711497,4.568594082277649,8.144139601259816,3.1127264942137565,3.195224182186078,2.0918477232358894,3.7858550582005055,-0.8862678141010051,-6.998429368953316,-2.8631300816730576,-1.8269746084602512,0.5139993630653742,-3.7822795537661533,-11.580604583937294
67,4.674623094651164,5.594438152349725,6.98430783651313,0.8716814706520158,5.090442728536318,-3.550994350327825,0.6149755748254913,3.0375389192177327,-4.361939709101405,-3.3746359077643375,-3.4628524816766078,-1.2868432112950452,-1.4940444791347396,-4.153183884842663
68,2.724376775172292,5.247089345540319,4.357126261202657,-0.3547340832194503,4.155298784983401,-7.407837072805482,-1.7870677386467555,5.956532250025442,-3.2401398055407467,-2.4137216928053875,-3.9123371976370716,-3.9527936255445284,-0.9980486181317544,0.8018386242341022
69,-1.4710278871507212,3.9706899468996086,1.5685234459079043,-1.8611365459403213,1.3837470898822861,-6.924640417688203,-1.9615157815266628,6.214818972409988,-3.762302733197504,-1.6526866810662406,-2.624797575783973,-5.233666787342149,-2.502570564649543,1.2400585095189056
70,-4.372997100151391,2.745519614189255,-0.5335961585028135,-3.8956384500678705,-1.0547296181321144,-2.7823326210586394,-0.14176385287119417,4.191719894202388,-4.601043701171875,-2.550571959693821,-0.07400437702938002,-4.2150000514728685,-3.178231313976706,-0.7838176142196266
71,-4.1720316641184745,2.2515686738247775,-1.7414106030245216,-5.209420969291609,-1.3941314843844395,1.6036854325508585,2.066572364495725,1.6379590216948061,-4.102316649136495,-4.298955168042864,2.3532139646763706,-1.5856718979775906,-0.19246413543516275,-1.6607483885802177
72,-1.9825605202694327,2.461077711411885,-2.0773958296191934,-4.650635779056014,0.4887950171013268,3.172920092788278,3.167500047355282,0.027810533435977235,-1.5848627102618316,-4.460675237130146,3.2596178275000836,1.2577096193705743,5.949859135004939,0.19488781173618472
73,-0.27789132266628497,2.746755690294869,-1.635219440168264,-2.856014851404696,3.0765980434965114,1.9078964966615692,2.8631086337323093,-0.4727330598600057,2.1055396240280597,-1.724214422459505,2.1776183977419015,3.1496837126965427,11.320311902280974,3.093101623106976
74,-0.3841969918231575,2.306218197759317,-0.8762348245601265,-1.798025877500067,4.435950074344873,0.46678678387281847,1.7636953665285695,-0.6414886141309932,5.095850625360499,2.311116503209484,-0.20462277409981708,3.5180382144694424,12.02090389038227,4.045328501535922
75,-1.5265694430896215,0.7084537410006231,-0.696892539457399,-2.4146219397685966,3.7177120927645237,1.1649725084402123,0.34864971725916377,-1.1107394220877667,5.660771136989399,4.4717181385779865,-2.6105808278127594,2.404888633486568,7.833993517622655,1.7690522369681572
76,-2.1093698353791726,-1.6696002580681626,-1.72932964806654,-3.0344571386064803,1.7600517880019484,3.405560574969467,-1.4250212740533206,-1.7901559867420975,3.33502720813362,3.2092236700866903,-3.9842093900150184,0.505609434478137,2.453247598239354,-2.2124649298434353
77,-1.6022468738409938,-3.671123490953932,-3.4428327789112014,-0.7917602323755926,0.31354851245271914,4.219098321029118,-3.431399698920396,-2.2572223795007686,-0.7129591265503241,0.26471435734812093,-3.9444320335680123,-0.9425197946126288,0.048484240259443014,-5.1608653309545955
78,-0.9622507630562296,-4.064201030195976,-4.2457349288220305,5.039890880487403,0.5068115649782882,1.4025611926098258,-4.677979232857422,-2.431089139182349,-4.320960347293591,-1.0587753134646587,-2.728688669447996,-0.8003557420202664,1.5177507193721071,-5.526556215724167
79,-1.2766386257598594,-2.569933629157592,-2.9126939226169974,11.35581259094939,1.8086334874435348,-3.944748323790881,-3.85350967951271,-2.6271025667689285,-5.667284605454426,0.7396877426939199,-0.8820226691207107,1.0164536678586251,4.019601432036381,-3.7875079831906726
80,-2.289638471010388,-0.3453694363029636,-0.06419373714194006,13.457886327286156,2.3788894503092277,-8.149040044570455,-0.8687754081828254,-2.954484233442618,-4.468264577340107,3.8900360132054406,0.9986285798403681,3.168870526308916,4.090493969771327,-1.27502405293742
81,-2.551915109765773,0.7189067225066983,2.013902941528632,9.47928433758872,0.5934190725793644,-8.349336866897588,2.3326553602189737,-2.8989909051024183,-2.168910427057013,5.306615033215482,2.3679358642928454,3.7761531995267283,1.1728562873845199,1.3400358350909487
82,-1.072608888757472,-0.48140620090523545,1.4017811043530095,2.6545002533465016,-3.447590569756469,-5.229687202949913,2.992369449868494,-1.7697089655058724,-0.8899524646754168,3.8586251072737636,2.777602830027439,2.0218761926706956,-1.880722812852081,4.1635149019789335
83,1.376756849945808,-3.195110867826306,-1.43326797169082,-1.1275811721475757,-7.672549904001002,-2.364096582307402,-0.020887165805514977,0.3553594594099084,-1.8513425345323524,1.481070796597977,1.97840452315856,-0.9621436401289336,-1.6885079551412134,6.935647711461904
84,2.841818648941663,-5.261730308435401,-3.7882225817563584,1.5281738843388704,-9.363432906720103,-2.757558192525591,-4.895491401759946,2.2735015967366645,-4.492421775143974,1.0027568826870041,0.09350728562899999,-2.902591252813534,2.300260009206071,8.350433016614039
85,2.132802679830668,-4.839594627521476,-3.167253412154256,8.449094810656138,-7.148001642859712,-5.926490758450663,-8.184621207187979,2.4880544128922786,-7.012828786762393,3.0747005282616127,-2.243404913313535,-2.2817367929585126,7.183802311517755,7.018096060168986
86,0.06665487678683533,-1.95531349644369,0.27785759191123804,13.753834619814036,-2.183102637529373,-8.340561023172068,-7.675811215931056,0.5639935633813848,-7.885658999486846,5.481259305714344,-3.9664225845920797,0.38251176993457636,9.192471867921402,3.2004066219135208
87,-1.386043203576487,1.5131327260513694,3.7999846594674245,12.82177907350112,2.4305776608537655,-6.778933734309916,-4.132010926397479,-2.3274047745733846,-7.059445707165465,5.502907295920411,-4.002170464670171,3.047285496276252,6.955775196112844,-0.74804645168538
88,-1.1808430280308335,3.4169904416312975,4.6770277996452485,5.784396171569824,3.708146942817435,-1.3597782679966517,-0.29073214530944824,-4.304613153545224,-5.850492927492882,2.747551607842348,-1.9290196469851904,3.9339854480052483,2.5029686433928355,-2.1458670661157493
89,-0.23793760793549673,3.0586315299175224,2.8417283143011893,-3.2983563342416775,0.9144933004768527,4.615368115658662,1.76792520900466,-4.318016350269318,-5.687108314767176,-0.5368916988372803,1.5610049539530764,2.9262614227375208,-0.6733004002622804,-0.46944596755261325
90,-0.23107168564991076,1.537156610464563,0.86962816202823,-10.182873825637662,-3.7795159950548287,7.745499483024587,2.2283131875553908,-2.8683280069000867,-6.828272262398078,-1.8708666126642908,4.891747680549719,1.3965785734507503,-0.5520954740290739,1.9799438508189455
91,-1.4017915719625902,0.5095318282137111,1.312881058880261,-13.338700119329959,-6.698620069596195,7.513989526702433,2.6806704320621733,-1.2399053975027434,-8.087269738563622,-0.9880512525536576,6.572620503756465,0.8356721367763014,1.9975601823962466,2.1504641832137597
92,-1.9054715061674312,0.6062296194461535,4.063412435504855,-13.769363017714753,-5.228203684699778,6.365923489843096,3.9786876601984305,-0.08231433313720081,-7.639971941101308,0.25805119592316295,6.250293695728998,1.6737531174202354,4.197798138370319,-0.7892998082905399
93,0.29972411175163427,0.9685212014889231,6.396991995068229,-12.892438170481093,0.27802758010066286,6.966808008144096,5.2188573443159765,1.1747349153976052,-4.1663688985364775,0.22760834301612815,4.909688033619705,3.241787384663309,3.5850532340760135,-4.499695709469367
94,4.81010788572686,0.24231356747296393,5.621101828253999,-11.14368413662424,6.68916507795149,9.423726037752871,4.852086238715113,3.4609421369980793,2.4296389319458784,-0.6516486309012588,3.916716513585071,4.5752066595821965,-0.3494920483885371,-5.598938314282164
95,8.302424794557144,-1.9898591017236515,1.6477291717821239,-8.44068298412829,10.305732758677735,11.173353622154314,2.5555902836578235,6.66443773800013,10.89974723824737,-0.5743143029358923,3.7006753354656454,5.085876812740248,-6.049155156223142,-2.901944064972352
96,7.203747977559664,-4.67684823761181,-3.0104672391803895,-5.256067199670539,9.440124559159182,9.577879591407825,-0.25316605032706746,9.20626813173294,18.9296223144142,1.270746738994399,3.3658682202198067,4.592459987012708,-10.99932013223974,1.3657222625856498
97,1.235513189313363,-6.10038133353299,-5.6425485103106015,-2.6180183534719506,5.390550385780481,4.662189490941106,-1.7669431919954262,9.171650092212522,23.763192297548663,3.42362564072317,1.724928813169197,3.0652074448916378,-13.162704568128197,3.5913469225776438
98,-5.66591366943048,-5.249561024715706,-5.621906085890167,-1.074456940804209,1.1056307117853845,-0.6490117980509388,-1.4396477499786688,6.019074205233126,23.302563438610154,3.5357386177899888,-1.2122181728482246,0.6445627405251168,-12.00517557470166,2.1093577049216448
99,-8.298671294231804,-2.5973406951038207,-4.410883120432192,-0.14869565501505014,-1.26052659993269,-3.0076641343077837,-0.16369556650823477,1.2532513974880686,17.441477945872716,0.9832323789596558,-3.8867613892165984,-2.100033930369786,-8.714674656108325,-1.3344659008541886
100,-4.562837323820104,0.2842674182385814,-3.6307126403006973,0.8422885991024728,-1.798662463317112,-1.5052557289600372,1.0166721572833401,-2.628359827308022,8.698423502396563,-2.1806544174953384,-4.537412183321252,-4.224981942955329,-5.481711936240294,-3.3210967094922554
101,2.7256390707833424,1.8708397289547993,-3.437076137990368,1.6611697245009092,-2.138818227514929,1.6783028822772357,1.999247000267615,-4.015965482410119,1.1776226993118013,-3.124478449626845,-3.005796609978591,-5.037605562988593,-4.101429155134425,-1.9442881844481643
102,8.282813785559668,1.6958667426084986,-2.814851697002138,1.4048511325096598,-3.419710773252407,3.307068328164062,3.2547563159344146,-3.2565726163435955,-1.9511063223590657,-1.1195005680985597,-1.080634667557113,-4.756789883636698,-4.712982355331888,1.59629395056744
103,8.831627710133183,0.5587754146176942,-1.148505619594029,0.14966338842499013,-4.976979850354243,1.8358357403123258,4.621788662003011,-2.051650345933681,-0.718593490367033,1.5968640470991329,-0.8093667687201986,-4.406652378792665,-5.690622925758362,4.349177740362226
104,5.538472835202606,-0.11094196460076741,0.8892639443582419,-0.06752939370213723,-5.052057155541012,-1.576597704419068,4.987615702711806,-1.8377192062991006,1.662111473022675,1.9474341802451076,-2.363240816763469,-4.858165126369924,-4.998470994890953,4.3908174893989855
105,2.3705906776749357,0.7469754188644643,2.0984323859328824,3.2718609236941045,-2.793672892892239,-4.465431648194885,3.4990350166145636,-2.6372405175043614,1.4531875319626866,-0.959352369211158,-3.7289657456876366,-5.910429079921878,-2.0381357586201356,2.2978804233122845
106,2.1929251740173417,3.0994877374293854,2.1173980011015523,10.159594993658212,0.5252745175848201,-5.327318720063385,0.9345530384049123,-3.316594326431502,-2.3514987960153695,-4.909741805524242,-2.777225101756274,-6.402029993582745,1.6507157811096735,0.09255185670086316
107,4.36882002225944,5.8085615221334965,1.679790207926108,16.70921013603101,2.440150574305836,-4.623682617228859,-0.6169466954104754,-2.8582320499176883,-7.0360064494366545,-6.6425831907865955,0.27452859274890956,-5.3393776672227045,3.633326565428656,-0.9960631662789656
108,5.8982372518096655,7.336669460243108,1.4592319544480772,17.5822003070189,1.5946023709007673,-3.819433263369969,0.19206778583477954,-1.397377418924351,-8.495758453193975,-4.827896553947001,2.65969688977514,-2.9477670886078657,2.761898674526993,-1.5906592078354893
109,4.603452762170714,6.715301548948093,0.9884402952632125,10.561680154532802,-0.8412425714183827,-3.6862383691632017,2.3010402002504895,-0.10355174571883921,-4.964838893437872,-1.1425483622113053,1.6491043762284883,-0.5740520537507777,0.2540903261729649,-3.08852328147207
110,1.0820046640476402,4.119770039253089,-0.8482156560129049,-0.9694408494599012,-2.1430744987969494,-3.6535304340780996,2.984093317267846,-0.09680000023574245,1.1817710022537076,1.3699786456263796,-2.478444132877856,0.4836978250924422,-1.4551455804279871,-5.748128299658396
111,-2.297169021197728,0.6588752318401726,-4.116942915381218,-10.344689167085654,-0.5929065000037758,-2.7528982612551474,0.5264332452598883,-1.4281757162237654,5.231809116139704,0.878888622230413,-6.176886411345735,0.07328860948280412,-1.0548266809509725,-8.03210607535985
112,-3.9727387294477348,-2.4054737784424605,-6.9210904058145015,-12.929321603051253,2.797582458020473,-1.0132047643466873,-3.893962645713164,-3.0197205245494843,3.9928000386880367,-2.0889362011637007,-5.688374563139313,-0.8105388295893766,0.41973485022175067,-7.929710958837246
113,-4.528597306232063,-4.340991411947322,-6.667254399280159,-9.638434418534137,5.1069011639575566,0.2741579170129737,-7.2278916270149,-3.562088001899573,-1.6706494806828547,-5.592875163774101,-0.6781424484690841,-1.000826369742958,0.787050342073246,-4.942242000290022
114,-5.533619783970774,-5.016149310433135,-2.5699279639793904,-5.481140950200509,4.153567584193483,-0.2047479662055872,-7.545265502467448,-2.5498175572375863,-7.718755804762548,-7.949158070038776,5.091192777059516,-0.07431821677149558,-0.7878089261298277,-0.7616843362243808
115,-7.374820012219098,-4.500154264955496,3.114713351337277,-4.6747468272034,0.49729710999800236,-2.268426591492429,-5.845292351227634,-0.5841266920371931,-10.243067432423027,-8.48542174392817,6.888407464234197,1.5834202203063332,-2.5736358828690586,2.030489345746381
116,-8.5845720918507,-2.819731573669278,6.611538779674744,-7.0176186148001225,-3.063614459062109,-4.05394956651999,-4.703928462096623,1.2341525524246448,-8.23058304139318,-7.149266886467836,3.1453733036712723,3.343493732110578,-1.766936150740604,2.033971259940644
117,-7.453269673853504,-0.2527224683031744,5.696114418457966,-8.735132278228292,-3.962894678206126,-3.5336020406411617,-5.22616460797738,2.211672264246308,-3.6762613301374474,-4.034413010490184,-3.2084314991929093,4.725323352278496,2.5649110188289566,0.00984853627730389
118,-4.186096676454252,2.2299860011862247,1.501882967063967,-6.569247775521053,-1.9618945377213615,-0.43064436194848044,-5.751385298462546,2.4584052167376695,0.4769902728041824,0.3579668779762424,-7.362710246018001,5.264314264667277,7.969858491907314,-1.9951839404446738
119,-1.2046093806928517,3.1678041426502928,-2.5659562830518627,-0.9747197314792749,0.9742391459852913,3.260670308859981,-3.930708550981113,2.487516879731295,2.3955796440036927,4.594561347167711,-6.664043430162936,4.3448139678458775,10.225402074504872,-2.4557166494885267
120,-1.0859814614665753,1.6826549379193052,-3.683682084083557,4.406716726872386,2.6587482818535397,4.7527061886325175,0.028402821750056987,2.4955446414497433,1.8622462265953725,6.634937563112804,-2.40349494772298,1.6063759743274018,6.841351249996497,-1.4626626238530995
121,-4.0874617467729415,-1.440459202138745,-1.5724472494757906,6.006614261743974,2.4900155073525956,2.743736034449266,2.761346611441398,2.0968761789251347,-0.420822557137937,5.246017761376439,1.9440806161384194,-2.281336777672476,-0.6571561331784694,-0.2448227806967132
122,-7.692066120858095,-3.9150048701130613,1.944292469292271,3.0147018383960336,1.4850078541405347,-1.4585485388429797,0.9603671601840428,0.8300928116148832,-3.406134547627702,1.32048857516172,3.951533914828787,-5.439756307674914,-7.737089123044695,0.30157410003701035
123,-8.665156737274053,-3.6296944642553526,4.857830313851639,-2.6235116058580426,0.8617747955176295,-4.959262909937878,-4.710001132013846,-1.0557669565385701,-5.629959852111583,-2.3710909799045448,3.811230856849223,-5.825106632344577,-10.260580784204056,0.6751463084804769
124,-5.723665278785083,-0.5412838760079169,6.277610211956258,-8.07331497328622,0.8438523983468815,-5.596671024147345,-9.359193321545513,-2.41320222007985,-5.295307780406913,-3.1135178174899547,3.1698767806460357,-2.8610344285867653,-7.320049238448241,2.432688464923781
125,-0.43737081605560924,3.054811780550042,6.180567945752825,-11.117525401772285,0.8422189391389185,-3.611097145749598,-8.15128090164187,-1.99961414781152,-1.3421873854739326,-0.3077644863907172,2.952738562104653,1.8267206957145614,-1.2598711592810494,6.66296948948685
126,4.24884480359603,4.4116926120252025,4.576380320957729,-10.331431918758518,0.5223096152957605,-1.2758289253985395,-1.1495099125468,0.32521509728869613,5.082364250202568,4.153329859582746,2.5876123953838737,5.454948924633921,4.696478295995265,12.498079264954645
127,6.3247184072222025,2.8234074033644734,1.4991222401054538,-4.904483216149466,0.34262097581308715,-0.8205909760934966,6.2888255654549114,3.1614152114002074,10.483532912725089,7.509261796669084,1.175699705980262,6.173469746599392,8.81014064562564,16.977270792941656
128,5.828304901110883,0.36491272187962825,-2.171166701584446,4.726899682259073,0.8986893551690238,-2.3979557266040725,8.379427752324514,4.513186507079066,11.142409962658979,8.267125970246841,-1.0228279616151537,4.424393472622852,11.237954987555135,16.66204548855217
129,4.157842181166824,0.003260105240101717,-4.46718348653949,15.910211687793536,1.8908665435654777,-3.8135843155335407,4.4744476514811415,3.464955755642482,6.169368117439504,6.99405482837132,-2.585894915522361,2.4027571608217393,12.712758439535998,10.075943106291245
130,2.6676820057387256,2.7136024318787517,-3.6421987596823246,24.143681504288498,2.051547104606823,-2.3156483898661575,-0.2288916121636118,1.0954024146634096,-1.2666898910621447,5.277957382250805,-2.3831905394184347,2.1503522006832823,13.279450389803673,-0.7668110183915313
131,1.9427246463542083,6.326172735009875,-0.058468434275413046,25.443417485879394,0.3291803213710688,2.934296863419669,0.27529592196248015,-0.35365534588998676,-6.079265838983107,4.06995066266735,-0.8017195870681685,3.9632383767439396,12.39111963720346,-11.073535196635188
132,2.052211757065082,7.302474058404261,3.4707576577760735,19.10171905585698,-2.8206638778959,9.698221175038086,6.869937468852315,0.5267377903266829,-5.312505424022675,3.0301813014916013,0.6325419723075263,6.352681619780404,9.924197638217283,-16.027678801088918
133,2.99312070377019,3.863778682843763,3.7853988080608603,8.320884556186442,-5.44295025601679,13.862944371846257,14.320794435217977,2.9325356511589216,-0.6565901697898398,1.3374291637114115,0.800836614200047,7.331894103361636,6.667288321013353,-13.770687435962715
134,4.610294080206326,-2.426021499293191,0.25940667853063465,-2.0594060074309914,-5.550869415609204,12.265934944152832,16.18907717782624,4.456529257248859,2.8929521283324884,-1.060111872243638,0.02305955105290121,5.784375959513139,3.600707846636675,-6.431466374470263
135,6.227030806091367,-8.048927093190807,-4.367341098432639,-8.805103606107284,-2.7635497551183312,5.088801433237231,10.784327289127575,3.2635557256182848,1.2063531072012015,-3.1243257023707716,-0.47091828073774067,1.9392035500127442,0.8322049525319314,1.5831488370895386
136,6.766715476707536,-10.482126906514168,-6.285061336293513,-11.704838876821556,1.3463483981940212,-4.037542430417878,2.374386796537711,-0.14684874427561856,-5.520063624090078,-3.6716436103594545,0.03713733018661032,-3.010914464994353,-2.4313803570611134,6.6658439166387735
137,5.585629345507038,-9.90256314618247,-4.033916983069206,-12.27069949373907,4.424994451354961,-10.41291043283988,-3.258336897407259,-3.311958740560376,-12.907006811122505,-2.597074896705394,0.9863019743744208,-7.5119549169832345,-6.6442831842875,7.9987141690692125
138,3.236577925633411,-8.23343245715511,0.2188802458802048,-11.480445277934171,4.926849309278994,-11.413208557634938,-4.195162059701219,-4.0645249379532675,-15.857987710407802,-1.097228907010689,1.155117465544264,-10.094044350847906,-10.732361783786695,7.035769754526567
139,1.193601083694672,-6.814925146042084,2.809865720418035,-8.968810326894936,2.8624508125441417,-8.020499645447245,-3.312787206805482,-2.5697124849776833,-12.310629466358495,-0.5996208960304454,-0.08677856593715902,-9.796450322988083,-12.453805959954554,5.34619629345074
140,0.5569995495737815,-5.211077799602431,2.0301361911150875,-4.217077106845622,-0.576239965095812,-3.584191912899212,-4.221824028054062,-1.1340216434731776,-4.299319209797042,-1.3960681755323798,-2.1738712872777666,-6.697973234312875,-10.284297398766693,3.096808316756268
141,0.9243924204184084,-2.2463702294899495,-0.49460592318554314,1.9244158073347442,-3.841333381603567,-0.8883963088904109,-6.862048256153963,-1.8764944873294052,4.0833179993288855,-2.322431803966055,-3.8247703581440207,-2.1900683709857414,-5.099648875241377,-0.3907999128711467
142,0.6443496156407862,2.0958997823145924,-1.7655760744700626,7.256354804549899,-5.617373385599682,-0.006141680843976079,-7.563609913903839,-4.48122862270292,9.693896353244781,-1.87723807534393,-3.9429547663312405,1.5551588267696148,0.11694398750456012,-4.845209373503315
143,-1.6093750924480206,6.138337551331033,-0.5862576544893031,9.839246934773971,-5.129154434009474,1.2601493177365284,-3.4531518601033153,-6.294039382922406,11.841205645580681,0.2094903399749678,-2.1195201083105437,2.870798568032226,2.5139444263613955,-8.233737371405777
144,-5.36301397847734,7.956234029665286,1.3588705704528459,9.508496777135498,-2.4657560197674497,4.828063637626414,3.6613811067476565,-4.824553915432522,11.589179868600807,2.4694883146760414,1.354634127142478,1.724737446527092,1.6026215577612117,-8.162181804982984
145,-8.426761905149538,7.182661947851279,1.576098852619833,7.8100763893857295,1.1559349754635169,10.051145008632115,8.324829968870903,-0.3327637655394418,10.117440426075945,2.8800843358039856,5.535846040869246,-0.3252902725065241,-0.5819753073916143,-4.290111427404443
146,-8.599921985244265,5.164684935491913,-0.3083796054124832,6.568421794443714,3.7196667607949703,13.856330912940356,6.589950447179834,4.0408221544051655,7.795252578599112,0.7973525122720369,8.826690607305084,-1.4191288075276784,-1.552946883804944,0.7580981424876622
147,-5.5408533600786205,3.355833356173671,-1.9850236882968826,6.530178100478892,3.5664090825510875,13.246675876938568,0.04342940651184442,4.891028075802083,4.491625012183676,-2.1441062012193153,9.391764814756355,-0.8462883988205268,-0.7277391419118765,3.2199691003521105
148,-1.154853269457817,1.8569595984050207,-0.9866302645936305,7.115370962084556,0.6800673512779937,7.921057617785979,-5.545423207234363,1.5807907192074522,0.380047717872931,-3.1912908797361412,6.264152526855469,0.5798467884258348,0.16072344272492492,1.2746989333964125
149,1.8400701892619231,-0.15610353496609902,2.325555908436678,7.041564536946161,-3.100478174126878,0.6495593798403837,-5.726673521861738,-3.106013925403965,-3.722684659519974,-0.8941878834549262,0.4591263774402288,1.4414615594610876,-1.0193345206124442,-3.4875543778952287
150,1.9416281406064422,-2.63554894806323,4.616628534939824,5.02505422733268,-5.405816822787937,-4.869115243893953,-1.509121056722135,-5.3233043952103785,-6.718468809614376,3.314980240500703,-5.1308335503753355,0.9542219092955395,-4.402670708389914,-7.601119365619153
151,-0.16129955862249648,-3.8040167275740178,2.7509938040558173,0.28666766550467937,-5.203738675433762,-6.652642546867837,2.0167042138625164,-3.407892017188121,-7.817361287924708,5.979662603565624,-7.455212235450745,-0.6141338021475442,-7.602692045727554,-8.748797345526365
152,-2.315112362102586,-1.686637035742098,-2.747383712505808,-6.881848627587362,-3.526696111474718,-5.275424816246543,1.0920188147194532,0.8690840966847478,-6.849250480836751,4.44265013948387,-5.436647677908138,-2.520498209765979,-7.696731864189615,-7.3598692563115335
153,-2.5711255292503203,3.296165912811245,-7.548272166933332,-14.619959793528732,-2.3226619023753674,-2.5164448631053067,-2.858867087306417,4.026183096121769,-4.221778964509769,-0.7060225732168373,-0.6626801898284834,-4.283012958205476,-4.007476884187485,-5.421297407043832
154,-0.4519605432846108,7.645983834047707,-7.184955835950618,-19.896085309739014,-2.482095196111394,0.4448402651718685,-4.904908834063277,3.865819643650736,-0.7307479679584503,-5.800042584690512,4.0032927150629005,-5.7432112827592965,0.8674709730002345,-4.025925306033115
155,2.968485335914456,7.390557501389056,-1.2558021873843914,-20.272604276331105,-2.9516822340261495,3.379982804157296,-2.062405510216343,1.0696121889109513,2.6591788250572828,-6.955012680924669,6.563877982600611,-6.544804987098489,2.873519260056165,-2.3774992598562825
156,5.9395881137069395,1.8754983865180794,5.845396940501368,-15.966668540117691,-1.835197425922569,5.885847078902381,3.1658508061450354,-1.7677244112199666,5.101569642826003,-3.268583122564822,6.798073583719682,-5.87622845112061,-0.2094407452612507,0.755141870099671
157,7.073051487912937,-5.0614845580896555,8.524140118336192,-10.119357448565413,1.5624057930343005,6.563211986034805,4.978869925956337,-2.4636401810816357,6.183315195599381,2.41486904207541,5.371072051780565,-3.0432151507358163,-6.719712794435267,4.911118627202754
158,5.935431904330546,-8.15021788952302,4.723796965364291,-6.381527342966625,5.750704728827184,3.951728699158649,0.17962855800073974,-0.7623121002498938,6.04701812352453,5.881489784133677,2.5403677947363077,1.5706301149056883,-12.095142097497472,7.712988115390953
159,3.0821338904147244,-5.410198127736851,-2.4405395054087347,-5.649443295537209,8.139120255197797,-1.5125819797418556,-8.108033733100307,2.006057403525528,5.162982843360123,4.995980281002668,-1.836190794499553,6.204847596889856,-12.23154298064052,7.04447357508601
160,-0.27975311645363665,-0.016724331038338796,-7.515303127619685,-5.186688890262526,7.2264287600635875,-6.852020303813779,-12.807785130885183,4.3162380067669615,3.9300394514385535,1.205893604731073,-7.028455157669223,8.632699678290864,-6.622133464837561,3.40045765042305
161,-2.8155944687979564,2.675739568715193,-7.314990483148366,-1.4483673402241297,3.8968106023207003,-8.560023541353187,-9.305907809004491,5.379902271591887,2.498057943825819,-2.1195554444376303,-10.737941787026974,7.68763986655644,1.2048941835456966,-0.2100709384041173
162,-3.642690973774511,0.22032532384809184,-3.1849105066182664,5.852922583112911,0.6908584936540954,-5.792876486020277,0.1462342793844184,5.017983249559695,0.9671896830657307,-2.85772426274358,-10.454801723969226,4.166835250979175,6.348266735977056,-0.9482366654033564
163,-2.7595207279129905,-4.6523165377427125,0.8060829481300043,12.630484793259173,-0.22307828494480678,-1.5615846380895497,8.26469540580803,3.1656165639964904,-0.3491101848835848,-1.8618387227155724,-5.972320323695942,0.3496091791561672,6.263443297269393,1.2109095448133897
164,-1.0527828448280996,-6.82410672793583,1.702326808656965,13.874140464529699,1.4127759511763116,-0.27758598388457784,9.137969412365738,-0.07515552092571648,-1.0313648131428932,-1.7753882418785776,-0.37707536317864243,-1.504376884017672,2.651845658159986,3.582254285867117
165,0.22181437696729386,-3.8803022053776957,-0.09061833623112464,8.612672569800397,4.072851833032102,-3.5834997667341817,3.294361256215037,-3.87413458100387,-1.0121767253291851,-4.226834882887042,2.102505084203214,-0.5571795294479448,-0.008094337673819795,3.5505679559950925
166,0.21909133055988622,1.56252449051458,-1.8890946232238595,1.3696393334135717,5.877068399774785,-8.456651541955617,-3.1093952376015332,-6.532416520678267,-0.8251844249209579,-8.125132003609014,-0.16691785062454184,2.2407409950178496,1.82452841620056,1.197296834721857
167,-0.9709473094161676,4.577860893643632,-1.628761668594516,-1.7462978509007667,5.9786408713885715,-9.744990186119566,-4.00179490082118,-6.394336564200265,-1.1637837588787079,-10.582985019197269,-4.4751716736247955,4.9330081696413,7.739068009415451,-0.8885575913044871
168,-2.4228568452657484,2.894059432404382,0.3926537867103304,1.2292510441371374,4.881706903783643,-5.056852986009753,1.333026459022444,-3.232011419245783,-2.0283298322132657,-9.456450632640294,-6.044231880076078,5.860936347319155,13.539941760958458,-0.3524358207169844
169,-3.018617276026278,-0.9449855023044713,2.360896660965316,6.2285676464742545,3.713965495021976,2.604628423038794,8.040124302007714,1.2371880154039863,-2.389864796278428,-5.087303771276255,-2.4835203426833057,4.6456896696163685,14.567575382943057,2.506786287154014
170,-2.1778756872731813,-2.3698337826193594,3.091506483603497,7.1459128856658936,3.2233984835293827,7.19316838347182,10.311260709957201,4.4091539204272685,-0.9972605899888642,0.2011416937623705,3.7853854578368518,2.287168935853608,9.543820855568866,5.095494943613908
171,-0.21543102118433738,0.4045726799843263,3.0732966916901723,1.8613039912009726,3.227287993747361,4.988763105504367,6.370923964344725,4.665203993417779,2.18406808361107,4.1020508913361295,7.6131759159723105,0.34970682555315447,1.7707657956955385,5.167846579332741
172,1.829516453402383,4.526377662408109,3.4528802742763443,-5.694353637190497,2.758107450847723,-1.9859818536408094,-0.5078887854303632,2.4704237349179325,5.278621708860203,5.840100656966774,5.873067498207092,-0.2360180494736652,-3.3928748916606515,2.9367683272884815
173,2.7333794725032483,5.510144975720619,4.318480518399452,-9.469318567490092,0.7512363104187713,-7.7529925926759535,-5.3395406719373195,-0.2090498580008137,5.503747145474261,6.028287329235855,0.37188740723234204,0.10545028837359681,-2.7607005481817284,0.5531068760521558
174,1.7196988241404902,1.9729569942063214,4.349680238840532,-7.17478986358156,-3.0724366397729943,-7.727926770643312,-5.660103032783586,-1.5589810586249342,1.320199089390891,5.473150845084872,-3.8662474191918665,-0.005260924903713927,2.2464168503576394,-0.2753920993026422
175,-1.0666246906835206,-2.804805558250875,2.320274849327243,-2.142243579942353,-7.619305330879834,-2.6350285246664162,-2.9131739407169577,-1.1609810411321873,-6.0181702861980515,4.402576913638991,-3.2733819016008354,-1.5658150376105795,6.976677703310032,0.13279251891131305
176,-4.453454044248376,-4.1216307136477255,-1.1805975868993877,0.5927274532768191,-10.669511123351297,2.575247278551058,-0.30724862590432167,0.09632172237853615,-12.942502810942884,2.7970563726765767,1.1066870999579528,-4.0214332773977395,7.500381295930366,0.23663886317184993
177,-6.661922991123735,-0.582619841305577,-3.8114843140451278,-0.2783962415189159,-10.136534200182982,3.5686697391222935,0.31158054726464407,1.0564358657111927,-15.84490157876696,1.1078680838857378,4.875861760913109,-5.461294359090377,3.706447462038118,-0.6754990340191491
178,-6.205850428464461,4.514599458903683,-3.5041392053268394,-1.1558866786713502,-5.710953858433937,0.5101869069800085,-0.41155692174726605,1.1775594025242084,-13.407538950804392,0.2368414067492193,4.537037460779657,-4.283410761125234,-1.0620193390213712,-1.6461846451370084
179,-2.8577470852404225,6.51115390050168,-0.5004426970773813,2.186955228904072,0.3837962542869607,-2.583217387600821,-0.8349868272032056,0.5985891055695864,-7.230003015119202,0.6240077566127388,0.585367736463644,-0.9374869627003767,-3.3022461983622335,-1.3722080935020835
180,1.9741946282435436,3.989548922801504,2.7242270498251426,9.456580929610194,4.455851877526361,-2.0848822970779572,-0.47460166562576683,-0.3179539648854003,-0.45072215430590573,1.4803888590968386,-3.3287386276892255,2.039166193227379,-2.4496065244382743,-0.06353264986252298
181,5.886479888035327,-0.02781376584756131,3.7179598072353675,15.377913861858602,3.788207038932917,1.7115282890748005,-0.4919233091023503,-1.2849933517222503,4.3793498715575865,1.2279946235369663,-4.0021020113205426,2.084228797302562,-0.9760094832400886,0.4814945824292241
182,6.875098175540263,-1.3943819178610433,2.315709101910494,14.584300088639162,-1.3093138939263869,5.120258224253752,-2.13697201408902,-2.0150400880648167,6.558138716585782,-1.0226880059558519,-1.4114391794618295,-0.9299535051900514,-1.5991347465588122,-1.117786480151877
183,4.573021546006203,0.8414403169739003,0.6305751861358175,6.934230468711075,-7.566784332297286,4.866026970804954,-4.916591319502617,-2.153021985779003,6.97019682672559,-4.322291016274569,1.8165668437675553,-4.257164891581146,-4.440965598943282,-3.9230335421708165
184,0.4258028378292006,3.5495262249391906,0.7266389837070387,-2.1414148199314975,-11.04948265455207,1.2686079034999924,-6.518039185173658,-1.5522769446275673,6.87681812656169,-6.288713563385667,3.204674741747428,-4.611509283586424,-6.920736969733725,-5.169028854149641
185,-3.3299622277216034,2.8699665592641246,2.3014366766627954,-6.597871733259182,-9.924561296798744,-2.217912493311629,-4.752760463223165,-0.6250661905018651,6.819216752842981,-4.89962020052635,2.4992902826289742,-1.328590810603025,-6.416688025301816,-2.9170670083590915
186,-5.091082240549886,-1.7388687887970282,2.7988421801401646,-5.096317915892114,-5.52648370910664,-2.4084027423238266,0.2269965051388254,-0.18204770404465345,6.304489257384319,-0.18677027006538546,1.2037591046216536,2.6857602700439034,-2.9878478962547925,1.803487207208361
187,-4.646103711152564,-6.895957226655921,-0.005310554589544024,-1.6071385777726466,-1.0083591959306173,0.735502654192399,5.546504189773482,-0.6735932218785189,4.297243818944814,5.618890882450707,0.5509446648006536,3.4118163974917666,0.5902429575822792,5.680066572160137
188,-2.833161680369961,-8.630094666870272,-5.440083199617814,-1.1109747746769263,1.1223091315858218,4.411812667943994,7.5875288831944365,-1.5584131838107596,0.16477449359942456,9.613234735569176,0.29985908056818406,-0.4810921820450802,1.5208277416472533,6.062168578104097
189,-0.6190047993951914,-6.131522787164669,-10.033372084705197,-4.9048496767574425,0.53608111702666,5.831965171560949,4.7894723777260095,-1.631601860024491,-5.406283565929958,10.160303715996596,-0.4978686729255988,-6.06305773647464,-0.2939198915181415,3.2391795430864607
190,1.4933330182518278,-2.152045521505025,-10.400277396245878,-9.86098491780612,-1.290673702955246,4.634197228873263,-1.003319112622008,-0.22223636507987976,-10.110365390777588,7.765352949804189,-1.8999255360389242,-8.498288849786837,-2.2572610086324265,-0.18496695647434314
191,3.329481387624935,0.10541430161315568,-6.313047988682377,-11.643665231308159,-2.593147887563219,2.661520598798382,-5.753317351852145,1.8872020536539507,-10.876844809371597,4.388548812087701,-2.6038319848629894,-5.349706227073864,-1.8223184140361086,-2.0369873177830358
192,4.613852772785693,0.17224864798540973,-1.0369271705953442,-8.22507812173999,-2.479805489279786,1.7427165812375593,-6.068858167042538,2.9287466187866364,-5.820015097150997,1.9420669878623924,-1.1987324799886163,1.1036450789899241,0.7956010504644744,-2.5257338662536775
193,4.942950036452741,0.2751333160059793,1.481438481077856,-0.6399651797754424,-0.9867714546164688,1.9729983694091136,-1.5172278905401424,1.8042902970800594,3.820637187179254,1.161981510264533,2.1942669405620925,5.740465445786106,2.736282717208473,-3.4764333263951905
194,4.2846156018120904,2.3398648567345677,0.044524021750810196,8.576154316566429,1.4923772769314902,2.131117283081522,5.235623880992739,-0.6064127099757292,13.456425646129919,1.513723152632616,5.644245556726748,5.002925872498629,1.425540169891046,-5.890991724267298
195,3.3637978592697455,5.441097280200647,-2.8547224696649582,16.715424108261963,4.514266233967275,1.4549078577939345,10.389585203358106,-1.9199584552219935,17.523045206556514,1.9053993930622024,6.838545949635457,-0.15309757469412016,-2.566422376477597,-8.590105513072743
196,3.254335576098184,6.52743400967851,-3.376547850592404,20.881232178941065,7.4083556398293195,0.6554101742043787,11.495206865348987,-0.31197807831423624,13.269063798216532,1.501910887202438,4.899899688074175,-5.335274287632534,-5.665845735948913,-9.365778663936926
197,4.3339870255820605,3.679015998481488,0.22536332631597714,18.164085496445093,9.176259102870008,1.0680077836221578,8.689864844083786,3.656955803839528,3.128273157136781,0.09956280795895324,1.0138040926991676,-6.634117437868702,-4.474208955101821,-7.2687308768532715
198,5.62194782799604,-1.5796841492458267,6.126412248124882,7.641498823555148,8.96859295392523,2.958353748431011,4.0567124220637645,7.232784167844422,-6.597157052280951,-1.9839775253999599,-2.5123554501606495,-3.7066590822472865,0.9728668046240904,-3.4936071108950646
199,5.381234610339209,-5.422878990063862,10.54395503778847,-7.069544471040064,6.844472224006847,4.912889776789412,-0.08018264524182495,7.648523736060882,-10.215872018312922,-4.201742972646441,-3.819145959250781,0.6040441770942844,6.9773231902901,-0.014845685691249614
200,2.680246738754973,-5.240175886421787,10.788108883463607,-18.204905808580165,3.984795629065864,5.051471401234062,-2.5104996586332518,4.388662885342326,-6.9179284566519215,-5.970417966648024,-2.504298342733967,3.347742822705483,9.240850584847587,2.3284037976848837
201,-1.502903448683875,-2.008528656801399,7.062810520432433,-18.742870374753767,1.9539906286387418,2.8497711465675004,-3.3116037267811445,-0.47592543278421673,-1.2474331644420722,-6.741538583015909,0.38809203371709705,4.090075783583583,6.4022195045741235,4.104484093432524
202,-4.844477199170054,0.7920938705911442,1.783523057492412,-8.45963336496937,1.5700542744325132,-0.2865433048228828,-3.1241364600707073,-4.105251397405352,0.8299645842338095,-6.1222619726037495,3.090981439668305,4.706905639597347,0.8901475157056536,5.797366943210363
203,-5.594546107309205,0.522993558675659,-2.515607473801593,4.730984173258957,2.391171785033479,-2.277502091563478,-2.444516642969482,-5.127542656295153,-2.9274312333793056,-4.144711235348059,4.048583862732868,6.907820818375568,-3.4461734518408775,6.613707395232454
204,-4.115100838700119,-2.3619837489891418,-4.675980564282865,10.607779454667957,3.2497195948143394,-2.209049030226104,-1.5376870461872645,-4.319243402201302,-9.086534047917445,-1.511566936969757,2.711152656650057,10.148753716021169,-4.5152162769619295,5.326229270623655
205,-2.491246435107017,-5.200035381073854,-4.854737444890055,5.245282328858668,3.265707258059054,-0.9899881323989557,-0.7605153565504112,-3.3666424313370062,-11.539934209414891,0.5287126777123432,-0.1163667014666966,11.954902583847241,-3.0991671967263126,2.3288574066697336
206,-2.4774653753455804,-5.922877641964932,-3.6231578368769615,-5.455722153186798,2.3929955764692656,-0.28967024772713074,-0.644047633117559,-3.152771808663193,-6.902106674958248,0.832046377263507,-2.6897301302880656,10.186012636642067,-1.3141267158243122,0.25858056469231233
207,-3.7608176190025953,-4.784791007333872,-1.4680370651945776,-11.066612950393132,1.134297328944109,-0.8975416555696604,-1.4461389970110388,-3.243146038405141,2.3925014712980817,-0.8052133747509548,-3.4776161118429534,4.993047859595746,-0.3892561355415656,1.7996625840968015
208,-4.3465869536205215,-3.427091763944042,0.9690346427413882,-6.238089451110181,-0.08329140440541871,-2.112103864398538,-2.629619859919256,-2.815684978451048,9.979145893028804,-3.3166908013577365,-2.338947422726422,-1.2685916302155475,-0.05308325193366226,6.522342910571974
209,-2.7892023862472604,-2.618430212748294,2.666098939216867,4.335666320761856,-1.164783095826908,-2.6583934046176014,-2.9974397776686414,-1.7836625381391875,10.753872634500873,-4.989879533957348,-0.6993312018410284,-5.865826288048102,0.2195747664996556,10.247116092516452
210,-0.0038055923520302288,-1.3178829222309345,2.723525634225534,10.416265047174328,-2.0908812442604376,-2.125108468289278,-1.639147582102795,-0.838465046517703,4.863448195653606,-4.701235975537982,-0.37828883726377877,-7.490148248417037,-0.08088700868645493,8.308629323785402
211,1.3819018213116392,1.8873603879189005,1.2593648214729465,5.986838415265083,-2.6249970288909212,-1.4684755023644895,1.0631035787186451,-0.48955722843125765,-2.783717284397203,-2.7647335980923806,-1.9797011400972093,-6.627959336401249,-2.1061704809568367,0.07103087555389015
212,-0.261498112459572,6.600499446294745,-0.38189393403578775,-5.060960755664475,-2.4340465661822535,-2.0949240460687752,3.3988779004739254,-0.3451501222289338,-6.730199027122284,-0.6006396213660434,-4.3375725782647425,-4.607057624933671,-5.919727696447956,-9.704126934615934
213,-3.489833244255611,10.206947158794014,-0.6434667645668497,-12.768316112002548,-1.5001391148080632,-4.413910280076825,3.530060254189433,0.4301025660670533,-5.043089248696152,0.5319744138693323,-5.618837551803005,-2.489597996126632,-9.486687429097234,-14.388281890324183
214,-4.735646996875198,9.936525454326551,0.7957532722122815,-10.694203399882024,-0.3085829130544954,-7.247038136939613,1.0183339629854475,1.9544436347727874,0.07328554775033679,0.5621852509829462,-5.053892040739254,-0.7317759625765742,-9.8712306591321,-10.98700818966846
215,-1.7625348992189582,5.497401789134862,2.572750646514671,-1.922422007638581,0.4464736173347551,-8.687165030411311,-2.678319505814995,3.1501292856980343,5.021979390358438,0.38959244562655077,-3.566053616149085,0.4716899265744248,-5.802159050897676,-2.616262288117895
216,3.654142518432773,-0.30629347660103623,2.7780882588454654,4.24956846602109,0.3298600468100334,-7.688608903057721,-5.285142129173084,2.6729746151107308,7.8752210529483095,0.6664202724184308,-2.6534074745616136,0.8556640765496663,0.8616647981867498,4.3129353669224955
217,6.775508136165385,-3.670032597165935,0.7068338637449303,1.5544531923262592,-0.6770766436797091,-5.0054173700663505,-5.504847406428688,0.4090232161843047,8.945323950782115,0.9315518639525588,-2.7138443754567785,0.20541448647878607,6.368444063225571,5.535681195405065
218,4.1822186877228775,-2.7453218688618164,-2.428716387067522,-7.142742706804859,-2.389641222601034,-2.6289222945972366,-3.9707109222606736,-2.071534516860028,8.93947440872387,0.1718737282315079,-2.646671314628757,-1.2737907268563096,8.029169306463125,2.015220902404007
219,-2.589872356580228,1.1242028736338323,-4.532205555359928,-12.732377596123486,-4.590243200866544,-2.1362665648363075,-2.5214065313339233,-2.763993270847262,7.258177292590239,-1.6583555328602693,-1.2248933643710858,-2.832377332813886,6.194780587541814,-1.8371304833159154
220,-7.794260248389779,4.797854532392657,-4.4500332870045485,-8.781536483643006,-6.845606613220001,-3.300549268722534,-2.4716020980659796,-1.0846864614179548,2.60201690026692,-2.8795276101754634,1.243228321172753,-3.525066150086267,3.477364177606544,-2.6179635003209114
221,-6.411155570298433,5.934513108766809,-2.9006052856542626,2.1819488248046564,-8.247396188122886,-4.159285410706486,-3.456985285695718,1.500672426454875,-4.698785252717077,-1.2882288013185774,2.904749257223947,-2.817225399065991,2.09941300920838,-0.6373229543773495
222,1.0514180721068869,4.531354843334732,-1.7026148474946314,10.924857039840854,-7.6685759327849565,-2.5881380253300375,-3.8784653784669176,2.7852155554051303,-11.38681263583047,3.495560806016533,2.255031138202366,-1.031178250300641,2.007363189848102,1.349208682471392
223,8.500633944244106,2.3685833494682624,-2.1026511161911245,9.94259201324716,-4.6523789154479696,1.825593249682261,-2.4796834314356047,1.8697591092513532,-13.00564784541422,8.856792048532135,0.03679115157954547,0.6853053934720098,1.5017744698086564,1.483770877122879
224,9.386637137195438,1.2191010403389833,-3.756802174509788,0.06874409013864946,-0.20556018776165283,7.153160806821317,0.4302911317470122,-0.01000705650266336,-7.594892490275052,10.757964401829,-1.0184630313698126,0.9452306205520824,-0.4519670179912022,0.5382975948100187
225,2.5805834556112486,1.4977743695585095,-5.177706587071321,-10.591950381896934,3.458003422435449,10.364601799419948,3.2090093659199015,-0.6724192503155494,2.009826196699726,7.05706912507208,1.3116976156526683,-0.9491644793627213,-2.7392557020090065,0.472799505506243
226,-6.369864178707405,2.2874989369694068,-5.055944912287654,-13.859690992199646,4.340938359498978,9.561613460888667,4.281801288377266,0.9572562385274439,9.750542686301834,-0.35729106013872186,6.318427747381585,-4.254114081664961,-3.0416249377386912,1.7763166730957372
227,-9.912145568400014,2.3635270779534263,-3.188427338794786,-7.917770768914904,2.191095546496158,5.451148825640581,3.3838206334989898,3.875497341156006,10.840956315094111,-6.751985993768487,10.519671725983523,-6.854264737391959,-0.2905880294892253,2.7002230645442498
228,-4.996708272063002,1.1780939649562447,-0.33091970974085283,2.416651945637197,-1.2244375311598485,0.8459228502244366,1.5701484874803193,5.946922697583023,5.43661197715876,-8.21422665338127,10.5206923071219,-6.437711831562373,3.877604979945689,1.2382709156645804
229,4.365983979852528,-0.8926388925435592,2.6048877652810543,10.795051219512006,-3.4419209847644883,-1.4416129224154415,0.1457986065319606,5.752227838493275,-1.7093671288113206,-4.597280554017242,6.028505748632003,-2.2128013968467712,6.240429768148734,-2.3662759305871264
230,10.687367305007516,-2.9906654163282744,5.104344378928749,14.395029795413114,-3.1320720360595353,-0.623471583334767,-0.3699581324246389,3.573310625036152,-5.306117936056488,0.8203901022064443,0.19211449322043633,4.105368877551993,4.747173900506934,-5.3901370161650135
231,9.381989513732949,-4.417781856595253,6.940708167698919,14.562446662357875,-0.8943084162108752,1.7280434303897985,-0.3220639018988123,0.7625000416016092,-3.7555386465498986,4.450735430328214,-3.095877304673195,9.070853919399028,0.3770097761738057,-5.047191585205039
232,2.2706610949672,-5.032392582266914,7.794092286606224,13.60460047332608,1.5572963141056957,3.2015821814004863,-0.16990505189311747,-1.6226526930624126,0.03127504368217624,5.245418130135049,-2.4635861217975616,9.78018016900335,-3.6109089691343965,-1.1390507729077826
233,-4.597552479529868,-5.222166308372909,7.218958037848375,11.85246736297802,2.9332413509184,2.5494496227177907,0.16198582479692236,-3.4618608465000076,1.6763413945327,4.72984731699131,0.05454602210345317,6.006753328769487,-4.334588125043986,3.6986251411085225
234,-6.401643326087874,-5.514086633616564,5.07688830397567,8.026135127155149,3.213611905672112,0.49356576982809575,1.1300242014077244,-5.003785652773721,-0.7003857906983824,4.614311671074556,1.1616078882801288,0.43321139601116276,-1.48841122461825,6.328778539385114
235,-3.2288896976685035,-6.0707476686458195,1.9466941463095802,1.9332559643959513,3.202580430069748,-1.1871062550617724,2.8471359330780652,-5.974580061374878,-5.102688783589675,4.7342391403353945,-0.6645950446931683,-3.328100253124626,2.712139084631083,5.689031794363139
236,0.9552060118591299,-6.442417649894344,-1.0097012203566882,-3.9695397168397903,3.469106832329108,-1.2961466640842205,4.648350730234263,-5.543620266020298,-7.7972816496479265,3.483321720411127,-4.016584957132534,-3.371827895087855,5.529144130799235,3.2387079994897454
237,2.4492210490362987,-5.849664976402205,-2.706644704603419,-6.186108545381195,3.803460189274379,-0.09505594689018872,5.4877399108847795,-3.2754245163226616,-6.717713284553314,0.0941131625856672,-6.106944834699436,-0.6585972449761264,5.7358453151750926,1.1757583243354244
238,0.9207554921811941,-3.877148192299872,-2.7827982209166704,-3.432279280253819,3.6152835597797317,1.2060607282482847,4.8149389320490315,0.004012512309210641,-3.0083057503311004,-3.893326395552377,-5.33272926661433,2.1447545321924344,4.055728291370431,0.431134719629677
239,-1.1167477180763168,-1.0220482501448418,-1.7229443149907249,1.8436488013296408,2.686978216073951,1.652685596626632,3.0646826317723916,2.5161239831727378,0.40141570758150547,-5.737775805805411,-2.4698233032713133,2.9792105582903843,2.0212027534690438,0.3294651909750335
